193 2 339 3
1 1 
0 1 
1 2 
0 2 
0.9 1 
0.8 1 
0.7 1 
0.6 1 
0.5 1 
0.4 1 
0.3 1 
0.2 1 
0.1 1 
1 1.1 
1 1.2 
1 1.3 
1 1.4 
1 1.5 
1 1.6 
1 1.7 
1 1.8 
1 1.9 
0.9 2 
0.8 2 
0.7 2 
0.6 2 
0.5 2 
0.4 2 
0.3 2 
0.2 2 
0.1 2 
0 1.9 
0 1.8 
0 1.7 
0 1.6 
0 1.5 
0 1.4 
0 1.3 
0 1.2 
0 1.1 
0.498785 1.51325 
0.0447351 1.03773 
0.0437604 1.95194 
0.961897 1.9549 
0.956024 1.04862 
0.26076 1.34728 
0.268803 1.6391 
0.637043 1.7337 
0.727089 1.33851 
0.160209 1.91084 
0.155228 1.08564 
0.910809 1.83948 
0.850239 1.09095 
0.488054 1.23874 
0.773304 1.55067 
0.451845 1.77635 
0.189322 1.49587 
0.741108 1.84181 
0.152998 1.24879 
0.156458 1.74246 
0.852044 1.25422 
0.752776 1.09915 
0.266691 1.91082 
0.254131 1.0856 
0.910055 1.73324 
0.332273 1.50392 
0.643118 1.20478 
0.402451 1.15476 
0.502216 1.66364 
0.667342 1.48051 
0.861032 1.39046 
0.608659 1.86318 
0.779723 1.68946 
0.310796 1.78416 
0.137613 1.38919 
0.128203 1.61494 
0.912859 1.55754 
0.443282 1.91397 
0.204458 1.1709 
0.824715 1.89559 
0.099934 1.16856 
0.103678 1.82491 
0.905824 1.1753 
0.570519 1.35785 
0.407527 1.36604 
0.543301 1.12011 
0.62639 1.60471 
0.396743 1.60896 
0.336224 1.24835 
0.748364 1.48024 
0.535014 1.74173 
0.730252 1.19066 
0.35311 1.86108 
0.858911 1.6473 
0.0946972 1.46341 
0.217314 1.82095 
0.819541 1.78224 
0.263787 1.54745 
0.216127 1.41295 
0.552383 1.92434 
0.923565 1.44814 
0.0704179 1.56217 
0.354659 1.08292 
0.102448 1.31459 
0.931919 1.35403 
0.645488 1.93129 
0.731915 1.92417 
0.187178 1.32934 
0.0742086 1.73313 
0.813014 1.32793 
0.184504 1.66542 
0.664345 1.8122 
0.928126 1.26702 
0.065466 1.64882 
0.929998 1.09309 
0.0752241 1.9077 
0.0737905 1.08858 
0.909419 1.92431 
0.648004 1.13252 
0.385294 1.72841 
0.408411 1.27362 
0.460683 1.08297 
0.565175 1.2698 
0.713587 1.61333 
0.597056 1.53303 
0.516319 1.83665 
0.834312 1.48668 
0.651136 1.39172 
0.31684 1.41206 
0.311689 1.17397 
0.408815 1.45884 
0.462472 1.59838 
0.704357 1.25943 
0.72461 1.75912 
0.240882 1.72695 
0.460085 1.71459 
0.713629 1.53585 
0.583515 1.66745 
0.336494 1.58357 
0.488808 1.31995 
0.81132 1.17811 
0.0709553 1.24642 
0.194552 1.58501 
0.254487 1.26256 
0.592686 1.79784 
0.783698 1.40732 
0.842555 1.71359 
0.286376 1.84452 
0.544417 1.05621 
0.936593 1.64783 
0.352382 1.93729 
0.26342 1.47479 
0.0668798 1.3735 
0.121335 1.68133 
0.834838 1.5717 
0.429767 1.8374 
0.135168 1.54463 
0.678718 1.87489 
0.877596 1.3187 
0.159272 1.44057 
0.0445888 1.85821 
0.0433552 1.13932 
0.858609 1.9551 
0.967246 1.14368 
0.492414 1.41105 
0.480006 1.16639 
0.553955 1.19114 
0.579702 1.44817 
0.405738 1.54475 
0.33046 1.31855 
0.644121 1.304 
0.692029 1.14361 
0.702231 1.69211 
0.385701 1.79776 
0.311307 1.70714 
0.773651 1.25823 
0.545207 1.59691 
0.42654 1.66174 
0.792589 1.61488 
0.377702 1.2122 
0.353762 1.65514 
0.663875 1.55366 
0.653064 1.6626 
0.715887 1.41978 
0.617469 1.07786 
0.682548 1.09063 
0.431203 1.20939 
0.601704 1.14541 
0.05 1 
1 1.95 
0.95 1 
1 1.05 
1 1.15 
191 1 192 
6 5 53 
7 6 62 
8 7 185 
9 8 149 
42 2 189 
10 9 122 
103 10 122 
11 10 103 
12 11 64 
115 14 164 
83 15 113 
16 17 105 
53 5 115 
45 14 115 
51 12 64 
15 16 113 
128 49 184 
18 19 77 
31 4 43 
77 19 150 
21 22 52 
52 22 118 
44 23 118 
80 24 107 
25 26 106 
24 25 107 
91 48 145 
27 28 78 
78 28 151 
30 31 50 
50 31 116 
13 12 51 
43 32 116 
82 33 109 
40 2 42 
116 32 161 
42 13 117 
3 23 44 
33 34 109 
109 34 114 
36 37 95 
95 37 153 
4 32 43 
34 35 114 
118 23 163 
44 22 190 
164 14 193 
45 5 191 
37 38 153 
131 41 169 
104 38 142 
132 41 177 
125 41 168 
35 36 102 
135 47 175 
26 27 100 
31 43 116 
29 30 63 
81 39 162 
64 11 103 
22 44 118 
173 48 183 
5 45 115 
17 18 101 
140 84 165 
110 49 176 
134 48 173 
20 21 65 
141 61 176 
98 47 143 
129 46 170 
121 85 170 
112 48 134 
21 52 65 
39 40 162 
104 59 108 
30 50 63 
175 47 181 
133 49 171 
6 53 62 
99 46 129 
62 53 141 
63 50 96 
91 56 136 
123 54 167 
121 54 140 
65 52 97 
90 55 137 
139 66 169 
95 57 157 
83 61 141 
122 9 149 
40 42 117 
99 75 108 
120 56 174 
98 57 152 
124 55 179 
91 69 138 
19 20 150 
110 61 159 
28 29 151 
112 58 158 
80 58 97 
94 73 179 
82 60 96 
93 74 174 
129 85 131 
38 39 142 
99 57 160 
111 47 135 
125 70 182 
20 65 150 
132 69 178 
29 63 151 
51 64 79 
79 64 130 
94 65 147 
106 72 158 
79 59 81 
51 79 81 
93 63 148 
111 60 154 
185 7 186 
105 71 159 
119 67 188 
90 70 184 
103 68 130 
123 84 140 
7 62 186 
166 54 187 
128 70 168 
124 87 182 
138 69 177 
139 88 181 
108 59 144 
130 68 180 
110 71 146 
127 90 146 
97 58 134 
112 72 145 
67 92 133 
92 62 141 
96 74 148 
126 78 156 
97 73 147 
127 77 155 
59 79 144 
143 76 157 
96 60 135 
50 82 96 
126 91 145 
52 80 97 
114 76 154 
98 66 139 
95 75 160 
144 89 170 
100 78 126 
27 78 100 
101 77 127 
18 77 101 
102 95 157 
36 95 102 
122 86 166 
130 89 144 
81 59 142 
104 75 153 
101 71 105 
17 101 105 
100 72 106 
26 100 106 
58 80 107 
25 106 107 
46 99 108 
75 104 108 
102 76 114 
60 82 109 
133 92 176 
113 105 159 
120 74 175 
111 76 143 
124 73 173 
107 106 158 
61 83 113 
16 105 113 
35 102 114 
60 109 154 
83 53 115 
15 83 164 
82 50 116 
32 33 161 
13 51 117 
51 81 117 
80 52 118 
23 24 163 
166 86 167 
92 67 172 
156 93 174 
178 120 181 
131 85 165 
89 121 170 
149 8 185 
68 103 122 
165 84 168 
167 86 188 
77 94 155 
138 87 183 
70 125 168 
137 124 182 
56 91 126 
72 100 126 
55 90 127 
71 101 127 
146 90 184 
123 67 171 
129 66 152 
66 98 152 
121 89 180 
64 103 130 
136 120 178 
66 129 131 
125 87 177 
132 88 169 
128 84 171 
84 123 171 
73 97 134 
58 112 134 
74 96 135 
60 111 135 
69 91 136 
56 120 136 
70 90 137 
55 124 137 
41 125 177 
48 91 138 
66 131 169 
47 98 139 
85 121 140 
54 123 140 
53 83 141 
61 110 176 
39 81 142 
59 104 142 
57 98 143 
47 111 143 
46 108 144 
79 130 144 
48 112 145 
72 126 145 
49 110 146 
71 127 146 
73 94 147 
65 97 147 
74 93 148 
63 96 148 
185 119 188 
86 122 149 
94 77 150 
65 94 150 
93 78 151 
63 93 151 
57 99 152 
99 129 152 
75 95 153 
38 104 153 
76 111 154 
109 114 154 
155 94 179 
55 127 155 
78 93 156 
56 126 156 
76 102 157 
57 143 157 
58 107 158 
72 112 158 
71 110 159 
61 113 159 
57 95 160 
75 99 160 
33 82 161 
82 116 161 
117 81 162 
40 117 162 
24 80 163 
80 118 163 
83 115 164 
41 131 165 
85 140 165 
180 68 187 
68 122 166 
67 123 167 
54 166 167 
84 128 168 
41 165 168 
41 132 169 
88 139 169 
85 129 170 
46 144 170 
49 128 171 
67 133 171 
62 92 172 
67 119 172 
87 124 183 
73 134 173 
74 120 174 
56 156 174 
47 139 181 
74 135 175 
49 133 176 
92 141 176 
69 132 177 
87 138 177 
88 132 178 
69 136 178 
73 124 179 
55 155 179 
89 130 180 
54 121 187 
120 175 181 
88 178 181 
87 125 182 
70 137 182 
48 138 183 
124 173 183 
70 128 184 
49 146 184 
172 119 186 
86 149 185 
62 172 186 
119 185 186 
68 166 187 
121 180 187 
67 167 188 
86 185 188 
14 45 192 
13 42 189 
3 44 190 
45 191 192 
15 164 193 
1
0
6.12323e-16
0
0.81
0.64
0.49
0.36
0.25
0.16
0.09
0.04
0.01
0.707107
3.67394e-16
-0.707107
-1
-0.707107
-4.89859e-16
0.707107
1
0.707107
4.95982e-16
3.91887e-16
3.00038e-16
2.20436e-16
1.53081e-16
9.79717e-17
5.51091e-17
2.44929e-17
6.12323e-18
0
0
0
0
0
0
0
0
0
-0.157052
0.00180879
0.000850089
0.321043
0.835689
-0.0608958
0.0224202
0.347476
-0.461691
0.0168784
0.0192531
0.786876
0.551768
-0.069555
-0.21978
0.19769
-0.0256347
0.513694
-0.00833864
0.0227258
-0.291663
0.413139
0.0449993
0.0509615
0.721038
-0.0746176
-0.0161377
0.0579066
0.119282
-0.354306
-0.728964
0.320486
0.396375
0.095044
-0.0183309
0.00208772
-0.276311
0.122526
0.0100591
0.499277
0.00239468
0.0107013
0.168789
-0.30367
-0.158267
0.173832
0.0141568
0.0111784
-0.0387586
-0.442901
0.256868
0.0418936
0.110043
0.268753
-0.00727897
0.0468151
0.664887
-0.0270872
-0.0455563
0.169373
-0.787831
-0.00131189
0.0997586
-0.00792801
-0.806508
0.210256
0.29617
-0.0294522
0.00503282
-0.548864
0.0173994
0.43286
-0.425392
0.00188654
0.644632
0.00426089
0.00440514
0.460701
0.21166
0.124642
-0.0895514
0.171226
-0.164297
0.0544104
-0.17657
0.256339
-0.538872
-0.417349
-0.0989229
0.0201371
-0.148232
-0.00302755
-0.215546
0.492219
0.0493512
0.162811
-0.241058
0.171621
-0.013296
-0.19049
0.120228
-0.00196231
-0.00415059
-0.0293281
0.344979
-0.605076
0.541981
0.075845
0.266514
0.317149
0.0575075
-0.0563972
-0.00463676
0.00927577
-0.152635
0.173336
-0.00753665
0.375088
-0.603771
-0.0235567
0.00260296
0.00109586
0.248946
0.400744
-0.23935
0.0636335
0.0248349
-0.307389
-0.068032
-0.0854098
-0.297121
0.202977
0.324153
0.1461
0.0711653
-0.259636
-0.00834202
0.0844559
0.0747667
-0.0106982
0.0513221
-0.154638
0.199656
-0.494591
0.31222
0.348404
-0.0111958
0.151557
0.0025
0.382683
0.9025
0.92388
0.382683
