185 2 324 3
1 0 
1 1 
2 0 
2 1 
1 0.1 
1 0.2 
1 0.3 
1 0.4 
1 0.5 
1 0.6 
1 0.7 
1 0.8 
1 0.9 
1.1 0 
1.2 0 
1.3 0 
1.4 0 
1.5 0 
1.6 0 
1.7 0 
1.8 0 
1.9 0 
2 0.1 
2 0.2 
2 0.3 
2 0.4 
2 0.5 
2 0.6 
2 0.7 
2 0.8 
2 0.9 
1.9 1 
1.8 1 
1.7 1 
1.6 1 
1.5 1 
1.4 1 
1.3 1 
1.2 1 
1.1 1 
1.49824 0.488715 
1.95688 0.0478259 
1.05193 0.0620153 
1.04793 0.955298 
1.95161 0.965592 
1.73594 0.345842 
1.28857 0.282229 
1.36738 0.727982 
1.64625 0.722561 
1.91195 0.845236 
1.08323 0.845761 
1.84883 0.0858935 
1.52151 0.243093 
1.22787 0.537745 
1.67462 0.537899 
1.81754 0.691173 
1.16397 0.184115 
1.49817 0.807653 
1.74693 0.845104 
1.84331 0.26337 
1.24154 0.844531 
1.08066 0.749219 
1.76018 0.0833828 
1.50008 0.655952 
1.84527 0.488218 
1.17462 0.387723 
1.35549 0.162537 
1.44621 0.349021 
1.60832 0.424124 
1.66271 0.210814 
1.133 0.617724 
1.58118 0.130849 
1.61703 0.869604 
1.38903 0.856845 
1.73 0.670919 
1.91197 0.644793 
1.16231 0.798105 
1.14015 0.0810055 
1.07152 0.14153 
1.82658 0.899853 
1.90178 0.172391 
1.16585 0.900048 
1.91126 0.746348 
1.37648 0.580317 
1.32975 0.43121 
1.23911 0.676272 
1.09469 0.495657 
1.38535 0.261717 
1.57154 0.56268 
1.82456 0.587277 
1.60649 0.316663 
1.82072 0.349184 
1.13118 0.291188 
1.25373 0.0995169 
1.4471 0.089654 
1.64755 0.140146 
1.80317 0.168244 
1.82574 0.797352 
1.69199 0.44285 
1.52834 0.406742 
1.464 0.903224 
1.41795 0.780259 
1.54963 0.730768 
1.92218 0.448548 
1.56289 0.928384 
1.31213 0.892653 
1.07541 0.655465 
1.73457 0.926161 
1.67051 0.812345 
1.9314 0.256621 
1.32454 0.794509 
1.64979 0.933793 
1.08946 0.92638 
1.92751 0.0912245 
1.90811 0.927943 
1.54511 0.0706682 
1.40439 0.48925 
1.91756 0.544699 
1.26613 0.200964 
1.73971 0.756615 
1.74557 0.247935 
1.21468 0.316416 
1.91104 0.34707 
1.28928 0.613103 
1.07981 0.375561 
1.53607 0.314626 
1.42573 0.699103 
1.58547 0.659667 
1.16172 0.695142 
1.76075 0.512661 
1.24656 0.452978 
1.46284 0.568585 
1.46297 0.192615 
1.56643 0.474578 
1.05798 0.441083 
1.35115 0.0700935 
1.60591 0.183435 
1.35214 0.350198 
1.07574 0.57016 
1.78605 0.425082 
1.71836 0.156564 
1.24404 0.927617 
1.58815 0.801253 
1.2391 0.752451 
1.1502 0.552118 
1.64982 0.364248 
1.07328 0.22312 
1.47839 0.735193 
1.37306 0.930749 
1.68388 0.877615 
1.54616 0.862387 
1.77797 0.635865 
1.62725 0.0716398 
1.44232 0.837419 
1.69059 0.0900856 
1.85756 0.411609 
1.85866 0.956962 
1.95736 0.140951 
1.13894 0.956686 
1.31226 0.5173 
1.47028 0.271985 
1.26747 0.369611 
1.65816 0.624885 
1.36475 0.659896 
1.20042 0.615405 
1.32361 0.226305 
1.45486 0.428791 
1.59226 0.249243 
1.62324 0.488742 
1.78694 0.301665 
1.66591 0.289136 
1.7382 0.594831 
1.21269 0.254385 
1.16824 0.476568 
1.5863 0.365552 
1.11512 0.435004 
1.54649 0.188389 
1.30407 0.704311 
1.39725 0.409587 
1.51629 0.133942 
1.42593 0.633055 
1 0.95 
1.05 1 
1 0.05 
1.95 1 
31 4 45 
6 5 79 
7 6 147 
8 7 125 
9 8 135 
10 9 139 
107 10 139 
11 10 107 
12 11 62 
22 3 42 
81 24 110 
94 16 136 
95 18 116 
87 9 135 
43 14 78 
13 12 51 
16 17 136 
17 18 95 
18 19 116 
20 21 63 
21 22 52 
52 22 114 
42 23 114 
110 25 123 
45 4 185 
26 27 104 
104 27 118 
24 25 110 
121 46 171 
30 31 50 
50 31 115 
45 32 115 
80 33 108 
115 32 157 
44 40 183 
33 34 108 
44 13 113 
108 34 112 
36 37 101 
101 37 149 
3 23 42 
114 23 158 
1 14 43 
14 15 78 
37 38 149 
34 35 112 
43 5 184 
28 29 76 
106 38 142 
78 15 94 
117 41 132 
51 12 62 
92 46 170 
100 41 167 
164 48 178 
31 45 115 
35 36 105 
82 39 159 
62 11 107 
22 42 114 
25 26 123 
97 60 121 
119 47 173 
88 47 166 
102 48 127 
89 41 134 
76 29 83 
29 30 83 
109 49 120 
5 43 79 
122 47 162 
127 48 164 
75 49 163 
103 49 143 
103 64 128 
163 55 172 
21 52 63 
39 40 159 
106 61 111 
131 54 174 
131 66 162 
63 52 97 
81 60 97 
99 55 169 
101 58 151 
30 50 83 
99 46 140 
124 54 160 
93 7 147 
126 53 168 
93 57 173 
102 74 111 
168 53 177 
104 65 156 
133 53 161 
116 19 153 
138 68 179 
40 44 113 
77 62 129 
88 67 133 
153 20 155 
102 58 154 
75 56 120 
89 64 132 
38 39 142 
109 59 150 
76 56 90 
83 50 98 
90 56 152 
51 62 77 
107 71 129 
15 16 94 
94 67 119 
78 57 79 
43 78 79 
98 59 120 
112 73 150 
20 63 155 
92 60 123 
77 61 82 
51 77 82 
80 59 98 
56 76 83 
132 64 181 
117 84 160 
88 68 138 
41 89 132 
111 61 144 
145 54 165 
93 66 125 
129 71 165 
119 67 166 
100 68 126 
100 69 134 
89 55 163 
56 75 152 
27 28 118 
99 69 146 
96 70 137 
168 70 171 
90 65 118 
125 66 176 
79 57 147 
95 67 136 
57 78 94 
19 20 153 
116 72 180 
121 70 141 
133 95 180 
146 91 171 
52 81 97 
50 80 98 
56 83 98 
134 69 169 
46 92 140 
146 69 175 
126 68 161 
143 73 151 
61 77 144 
124 84 164 
101 74 154 
152 75 172 
103 58 148 
28 76 118 
140 92 156 
105 101 151 
36 101 105 
82 61 142 
106 74 149 
129 86 144 
139 87 145 
105 73 112 
59 80 108 
49 75 120 
109 73 143 
60 81 110 
123 104 156 
48 102 111 
74 106 111 
35 105 112 
59 108 150 
13 51 113 
51 82 113 
81 52 114 
23 24 158 
80 50 115 
32 33 157 
95 116 180 
96 72 153 
131 85 160 
117 85 179 
76 90 118 
65 104 118 
138 85 162 
57 94 119 
56 98 120 
59 109 120 
121 60 170 
70 96 141 
66 93 122 
122 93 173 
26 104 123 
60 110 123 
85 117 160 
144 86 178 
174 87 176 
7 93 125 
137 70 168 
126 91 175 
127 64 148 
58 102 148 
64 89 128 
49 103 128 
124 86 165 
62 107 129 
65 90 130 
55 99 130 
145 87 174 
66 122 162 
84 117 132 
164 84 181 
68 88 161 
67 95 133 
55 89 169 
41 100 134 
135 125 176 
8 125 135 
67 94 136 
17 95 136 
70 121 171 
72 96 137 
167 117 179 
47 88 138 
9 87 139 
71 107 139 
130 99 140 
65 130 140 
63 97 141 
97 121 141 
39 82 142 
61 106 142 
58 103 143 
49 109 143 
48 111 178 
77 129 144 
54 124 165 
71 139 145 
69 100 175 
46 99 146 
6 79 147 
57 93 147 
64 103 148 
102 127 148 
74 101 149 
38 106 149 
73 109 150 
108 112 150 
73 105 151 
58 143 151 
130 90 172 
55 130 172 
141 96 155 
72 116 153 
58 101 154 
74 102 154 
63 141 155 
96 153 155 
92 123 156 
65 140 156 
33 80 157 
80 115 157 
24 81 158 
81 114 158 
113 82 159 
40 113 159 
84 124 160 
54 131 160 
53 126 161 
88 133 161 
85 131 162 
47 138 162 
128 89 163 
49 128 163 
86 124 178 
64 127 181 
86 129 165 
71 145 165 
67 88 166 
47 119 166 
68 100 167 
41 117 167 
91 126 168 
53 133 177 
69 99 169 
89 134 169 
60 92 170 
46 121 170 
46 146 171 
91 168 171 
90 152 172 
75 163 172 
57 119 173 
47 122 173 
66 131 174 
54 145 174 
100 126 175 
91 146 175 
87 135 176 
66 174 176 
72 137 177 
137 168 177 
111 144 178 
124 164 178 
85 138 179 
68 167 179 
177 133 180 
72 177 180 
84 132 181 
127 164 181 
13 44 182 
182 44 183 
2 182 183 
1 43 184 
32 45 185 
0
1
0
4
0.707107
1
0.707107
1.22465e-16
-0.707107
-1
-0.707107
-2.44929e-16
0.707107
0
0
0
0
0
0
0
0
0
2.82843
4
2.82843
4.89859e-16
-2.82843
-4
-2.82843
-9.79717e-16
2.82843
3.61
3.24
2.89
2.56
2.25
1.96
1.69
1.44
1.21
2.25089
0.663632
0.131134
0.915074
3.13831
-0.389597
-0.795718
2.63496
3.24061
1.38661
0.651214
-0.55569
-1.56782
1.69096
2.90987
2.24706
-0.670831
2.43554
2.04422
-0.727375
1.37792
0.533521
-1.05583
3.49112
1.13325
0.218592
-1.38419
-0.199355
1.14189
-1.87355
1.08283
-1.64935
2.10808
1.83526
3.14987
0.18783
1.12509
-0.326637
0.0263105
1.91832
0.0812399
0.987422
0.654632
2.82277
1.01724
2.06237
0.434869
-1.2043
3.30144
2.08538
-0.819025
-0.228831
-0.260603
-0.810432
-1.1376
-1.74515
-1.35489
1.80634
1.40486
0.816725
1.77932
2.47015
3.18702
-0.0518853
1.97757
1.45799
0.390395
2.12093
2.44224
0.963373
2.00307
2.10068
0.847119
0.530094
2.29907
-1.001
2.04586
-0.138599
-1.1063
2.62918
-1.56036
-0.349204
0.314671
2.46504
0.119351
-0.802391
3.05754
3.57498
1.38292
2.20305
1.04416
3.08974
-1.67812
2.07451
0.0871242
-0.761976
-1.87438
-0.126242
0.304929
0.829849
-1.75427
1.26753
2.60105
1.79767
1.1305
-0.0359369
0.0686657
3.00329
1.61701
2.07045
2.11246
2.74586
-1.05796
2.10118
-1.25376
0.38176
2.64091
1.71769
1.07616
2.01739
-1.23494
0.132396
3.53135
2.90819
1.76713
-1.20278
1.18218
-1.63731
2.29749
-0.828194
-1.25011
3.04357
-0.734144
0.888636
0.0334036
0.368963
-1.81398
2.43137
0.795543
-1.57697
3.19985
0.92388
1.1025
0.382683
3.8025
