193 2 339 3
1 1 
2 1 
1 2 
2 2 
1.9 1 
1.8 1 
1.7 1 
1.6 1 
1.5 1 
1.4 1 
1.3 1 
1.2 1 
1.1 1 
1 1.1 
1 1.2 
1 1.3 
1 1.4 
1 1.5 
1 1.6 
1 1.7 
1 1.8 
1 1.9 
2 1.1 
2 1.2 
2 1.3 
2 1.4 
2 1.5 
2 1.6 
2 1.7 
2 1.8 
2 1.9 
1.9 2 
1.8 2 
1.7 2 
1.6 2 
1.5 2 
1.4 2 
1.3 2 
1.2 2 
1.1 2 
1.51595 1.51975 
1.03774 1.95518 
1.95194 1.95624 
1.04449 1.04855 
1.95558 1.03812 
1.34768 1.72115 
1.63686 1.73091 
1.72594 1.33891 
1.26873 1.36489 
1.08539 1.84406 
1.15667 1.08862 
1.91083 1.83984 
1.8482 1.08968 
1.48919 1.24568 
1.30961 1.55447 
1.77775 1.55303 
1.17422 1.68195 
1.49486 1.81147 
1.74224 1.84354 
1.24779 1.84651 
1.15038 1.26256 
1.8508 1.25376 
1.7472 1.09615 
1.25388 1.08257 
1.91081 1.73354 
1.48622 1.66387 
1.16422 1.52191 
1.63811 1.20534 
1.395 1.13805 
1.66469 1.48514 
1.43192 1.38384 
1.86111 1.39083 
1.78403 1.68974 
1.61452 1.87181 
1.38945 1.86185 
1.91376 1.55797 
1.0967 1.34856 
1.27732 1.64453 
1.21444 1.18085 
1.08494 1.74454 
1.82488 1.89634 
1.16831 1.89941 
1.09958 1.17513 
1.90335 1.17417 
1.57325 1.35613 
1.53668 1.12355 
1.60497 1.60221 
1.35815 1.26217 
1.38541 1.62924 
1.184 1.42618 
1.74907 1.48296 
1.7261 1.18941 
1.86111 1.64785 
1.07978 1.64677 
1.40782 1.465 
1.16989 1.7944 
1.46338 1.90529 
1.82085 1.78282 
1.23626 1.27765 
1.30944 1.15081 
1.54247 1.73615 
1.414 1.78503 
1.92388 1.44843 
1.56206 1.9296 
1.34314 1.07433 
1.31449 1.89665 
1.20859 1.59392 
1.93183 1.35408 
1.0786 1.55443 
1.73306 1.92579 
1.32879 1.81016 
1.66468 1.81544 
1.81238 1.32803 
1.06926 1.25725 
1.9275 1.26677 
1.64872 1.93453 
1.92768 1.09056 
1.07249 1.09269 
1.9077 1.92478 
1.08854 1.92585 
1.63452 1.13243 
1.08713 1.45843 
1.2719 1.46737 
1.72829 1.61558 
1.46417 1.08033 
1.56619 1.27203 
1.25779 1.74978 
1.18699 1.33589 
1.83552 1.48779 
1.64892 1.3925 
1.462 1.57564 
1.59263 1.53687 
1.70204 1.25931 
1.72634 1.75914 
1.42144 1.70812 
1.23749 1.53426 
1.71627 1.54176 
1.57768 1.66236 
1.41641 1.2184 
1.49948 1.32474 
1.48093 1.4535 
1.35517 1.33638 
1.80869 1.17691 
1.24624 1.92852 
1.58353 1.80552 
1.39333 1.53703 
1.7836 1.40832 
1.8445 1.71401 
1.93726 1.64806 
1.47228 1.74108 
1.3736 1.93277 
1.68109 1.87865 
1.14098 1.59974 
1.83751 1.57279 
1.54414 1.86498 
1.87718 1.31866 
1.4408 1.84098 
1.1393 1.95634 
1.03439 1.14359 
1.8582 1.95541 
1.95792 1.14121 
1.29579 1.22771 
1.55038 1.19414 
1.47571 1.16704 
1.56956 1.44832 
1.54005 1.5936 
1.42499 1.29548 
1.34641 1.41753 
1.64313 1.30426 
1.68234 1.14009 
1.79806 1.61617 
1.7062 1.68873 
1.77189 1.25781 
1.59455 1.09023 
1.66022 1.57141 
1.65283 1.64559 
1.45164 1.51017 
1.40065 1.07339 
1.71483 1.42158 
1.51088 1.39349 
1.30257 1.29385 
1.3549 1.19975 
1.66046 1.07654 
1.25808 1.58168 
1.21411 1.48724 
1.53946 1.05893 
1.59185 1.14933 
1.3454 1.48814 
1.05 1 
1 1.95 
1.95 1 
1 1.05 
1 1.15 
42 3 190 
6 5 53 
7 6 63 
8 7 183 
9 8 186 
10 9 125 
11 10 105 
44 14 192 
12 11 64 
13 12 51 
44 13 118 
16 15 114 
105 10 178 
51 12 64 
17 16 77 
19 18 109 
31 4 43 
20 19 94 
21 20 80 
53 5 117 
45 23 117 
84 24 115 
25 26 108 
24 25 115 
130 48 179 
27 28 76 
76 28 149 
30 31 52 
52 31 119 
22 21 50 
43 32 119 
81 33 110 
40 3 42 
119 32 160 
42 22 120 
33 34 110 
110 34 116 
36 37 97 
97 37 151 
4 32 43 
34 35 116 
18 17 122 
94 19 109 
2 23 45 
117 23 161 
13 44 189 
45 5 191 
189 44 192 
37 38 151 
50 21 80 
106 38 144 
132 41 165 
141 41 177 
35 36 104 
134 47 172 
131 41 166 
82 39 158 
78 46 127 
77 16 114 
64 11 105 
31 43 119 
29 30 65 
5 45 117 
26 27 103 
113 48 173 
90 49 123 
101 58 150 
80 20 94 
143 62 173 
101 47 145 
96 57 127 
99 49 128 
39 40 158 
95 71 141 
30 52 65 
172 47 176 
82 50 96 
106 60 111 
123 49 168 
83 15 159 
133 48 169 
6 53 63 
139 54 167 
63 53 143 
163 54 164 
126 54 163 
65 52 98 
91 56 137 
78 55 89 
97 58 155 
77 61 128 
123 55 136 
84 62 143 
125 9 186 
14 44 118 
142 49 181 
124 56 171 
102 46 135 
89 55 146 
79 64 100 
28 29 149 
113 62 156 
81 59 98 
93 73 171 
102 58 157 
112 47 134 
97 75 157 
38 39 144 
132 70 175 
29 65 149 
83 61 114 
146 55 188 
102 75 111 
78 57 107 
51 64 79 
100 64 105 
107 57 153 
80 57 96 
93 65 148 
112 59 152 
40 42 120 
111 60 127 
79 61 83 
51 79 83 
174 8 183 
108 72 156 
91 70 179 
141 71 180 
7 63 183 
100 69 182 
130 70 165 
138 87 176 
126 85 140 
90 77 128 
138 66 166 
46 78 89 
107 67 136 
109 18 122 
113 72 147 
129 91 147 
68 92 133 
92 63 143 
98 73 148 
129 76 154 
90 67 122 
57 80 94 
140 71 167 
140 85 180 
50 80 96 
60 82 96 
145 74 155 
57 78 127 
98 59 134 
52 81 98 
61 79 99 
139 88 182 
99 79 162 
162 100 182 
116 74 152 
101 66 138 
89 66 135 
46 89 135 
103 76 129 
27 76 103 
104 97 155 
36 97 104 
139 69 164 
69 100 105 
82 60 144 
106 75 151 
136 55 184 
109 67 153 
103 72 108 
26 103 108 
17 77 122 
57 94 153 
104 74 116 
59 81 110 
46 102 111 
75 106 111 
124 73 172 
112 74 145 
133 92 173 
115 108 156 
61 77 114 
15 83 114 
62 84 115 
25 108 115 
35 104 116 
59 110 152 
84 53 117 
23 24 161 
13 51 118 
51 83 118 
81 52 119 
32 33 160 
22 50 120 
50 82 120 
121 68 187 
92 68 170 
77 90 122 
67 109 122 
136 67 185 
162 88 181 
154 93 171 
175 124 176 
174 86 186 
125 69 178 
85 130 165 
125 86 164 
60 96 127 
46 111 127 
49 90 128 
61 99 128 
56 91 129 
72 103 129 
147 91 179 
126 68 169 
66 89 131 
131 89 146 
137 124 175 
132 87 166 
130 85 169 
85 126 169 
73 98 134 
59 112 134 
135 66 150 
66 101 150 
55 78 184 
67 90 185 
70 91 137 
56 124 137 
66 131 166 
47 101 138 
142 88 167 
69 125 164 
54 126 140 
88 139 167 
146 95 177 
71 140 180 
142 71 168 
71 95 168 
53 84 143 
62 113 173 
39 82 144 
60 106 144 
58 101 145 
47 112 145 
168 95 188 
41 131 177 
48 113 147 
72 129 147 
73 93 148 
65 98 148 
93 76 149 
65 93 149 
58 102 150 
102 135 150 
75 97 151 
38 106 151 
74 112 152 
110 116 152 
67 107 153 
94 109 153 
76 93 154 
56 129 154 
74 104 155 
58 145 155 
72 113 156 
62 115 156 
58 97 157 
75 102 157 
120 82 158 
40 120 158 
118 83 159 
14 118 159 
159 15 193 
33 81 160 
81 119 160 
24 84 161 
84 117 161 
49 99 181 
79 100 162 
163 86 187 
68 126 163 
54 139 164 
86 163 164 
70 132 165 
41 141 165 
41 132 166 
87 138 166 
54 140 167 
71 142 167 
55 123 188 
49 142 168 
48 130 169 
68 133 169 
63 92 170 
68 121 170 
73 124 171 
56 154 171 
47 138 176 
73 134 172 
48 133 173 
92 143 173 
174 121 187 
170 121 183 
87 132 175 
70 137 175 
124 172 176 
87 175 176 
95 141 177 
131 146 177 
69 105 178 
10 125 178 
70 130 179 
48 147 179 
165 141 180 
85 165 180 
88 142 181 
99 162 181 
69 139 182 
88 162 182 
63 170 183 
121 174 183 
78 107 184 
107 136 184 
90 123 185 
123 136 185 
86 125 186 
8 174 186 
68 163 187 
86 174 187 
95 146 188 
123 168 188 
22 42 190 
2 45 191 
1 189 192 
14 159 193 
1
4
6.12323e-16
2.44929e-15
3.61
3.24
2.89
2.56
2.25
1.96
1.69
1.44
1.21
0.707107
3.67394e-16
-0.707107
-1
-0.707107
-4.89859e-16
0.707107
1
0.707107
2.82843
1.46958e-15
-2.82843
-4
-2.82843
-1.95943e-15
2.82843
4
2.82843
2.21049e-15
1.98393e-15
1.76961e-15
1.56755e-15
1.37773e-15
1.20015e-15
1.03483e-15
8.81746e-16
7.40911e-16
2.13096
0.155404
0.580846
0.896121
3.09452
-0.959152
-1.51018
3.22745
2.34239
-0.0897765
0.961532
0.353217
1.97822
2.88089
1.16494
1.20877
-0.281981
-1.7593
-1.6958
-1.01495
1.19111
1.63055
1.97204
1.25815
0.34848
-0.423415
0.880181
2.63549
1.81945
2.66087
3.22787
1.4571
-0.785973
-1.67536
-1.36777
0.139675
0.687015
-0.0669261
1.33827
-0.0427669
-0.933518
-0.536047
0.725705
1.32522
3.60811
2.02379
0.625377
2.53277
0.162969
1.52382
2.32398
2.27834
0.000956548
0.110321
2.59315
-0.68932
-1.20418
-1.21217
1.89919
1.61526
-1.45961
-1.50482
-0.331023
-1.01944
1.50511
-0.982822
0.454418
-0.493933
0.206142
-1.02791
-1.32751
-1.91665
2.33577
0.400654
0.203469
-0.984807
2.09637
0.747042
0.125506
-0.076662
2.12068
0.42679
1.95083
0.264519
1.76688
3.22127
-0.934078
1.63952
1.4717
3.51401
1.09614
1.8874
2.9057
-1.64343
-0.941563
1.12639
1.60263
-0.481173
2.44504
3.40428
2.94126
2.84943
1.85391
-0.5857
-1.88687
1.61561
2.62985
-0.530061
0.544779
-1.36429
-0.762244
-1.58834
0.280632
0.632719
-1.63913
1.16544
-1.54232
-0.178384
0.502341
-0.253205
1.52538
1.99902
2.53394
2.1882
3.1775
0.807024
3.03058
2.6759
3.40588
2.11428
0.218272
-0.919671
2.48383
1.99523
1.1818
-0.231346
2.14835
1.67799
3.09211
3.42218
2.39738
2.0831
2.08014
0.680251
1.40947
1.97529
2.21292
2.09022
1.1025
0.382683
3.8025
0.92388
0.382683
