1071
2
2038
3
0	0
1	0
1	1
0	1
2	0
2	1
1	2
0	2
2	2
3	0
3	1
3	2
0.1	0
0.2	0
0.3	0
0.4	0
0.5	0
0.6	0
0.7	0
0.8	0
0.9	0
1	0.1
1	0.2
1	0.3
1	0.4
1	0.5
1	0.6
1	0.7
1	0.8
1	0.9
0.9	1
0.8	1
0.7	1
0.6	1
0.5	1
0.4	1
0.3	1
0.2	1
0.09999999999999998	1
0	0.9
0	0.8
0	0.7
0	0.6
0	0.5
0	0.4
0	0.3
0	0.2
0	0.09999999999999998
1.1	0
1.2	0
1.3	0
1.4	0
1.5	0
1.6	0
1.7	0
1.8	0
1.9	0
2	0.1
2	0.2
2	0.3
2	0.4
2	0.5
2	0.6
2	0.7
2	0.8
2	0.9
1.9	1
1.8	1
1.7	1
1.6	1
1.5	1
1.4	1
1.3	1
1.2	1
1.1	1
1	1.1
1	1.2
1	1.3
1	1.4
1	1.5
1	1.6
1	1.7
1	1.8
1	1.9
0.9	2
0.8	2
0.7	2
0.6	2
0.5	2
0.4	2
0.3	2
0.2	2
0.09999999999999998	2
0	1.9
0	1.8
0	1.7
0	1.6
0	1.5
0	1.4
0	1.3
0	1.2
0	1.1
2	1.1
2	1.2
2	1.3
2	1.4
2	1.5
2	1.6
2	1.7
2	1.8
2	1.9
1.9	2
1.8	2
1.7	2
1.6	2
1.5	2
1.4	2
1.3	2
1.2	2
1.1	2
2.090909090909091	0
2.181818181818182	0
2.272727272727272	0
2.363636363636364	0
2.454545454545455	0
2.545454545454545	0
2.636363636363636	0
2.727272727272728	0
2.818181818181818	0
2.909090909090909	0
3	0.1
3	0.2
3	0.3
3	0.4
3	0.5
3	0.6
3	0.7
3	0.8
3	0.9
2.909090909090909	1
2.818181818181818	1
2.727272727272728	1
2.636363636363636	1
2.545454545454545	1
2.454545454545455	1
2.363636363636364	1
2.272727272727272	1
2.181818181818182	1
2.090909090909091	1
3	1.1
3	1.2
3	1.3
3	1.4
3	1.5
3	1.6
3	1.7
3	1.8
3	1.9
2.909090909090909	2
2.818181818181818	2
2.727272727272728	2
2.636363636363636	2
2.545454545454545	2
2.454545454545455	2
2.363636363636364	2
2.272727272727272	2
2.181818181818182	2
2.090909090909091	2
2.491895860975781	1.499656041411492
2.501747386754478	0.5017703097463301
1.515950474876149	1.519748713569071
0.4987848181782569	1.513250364284892
1.498243789344377	0.4887150598297755
0.4796840005875864	0.5130956064846538
2.126271981339454	1.864782183753726
2.844647605091646	1.846579716704561
2.146340273495004	1.133335174449006
2.83363399958456	1.143623668788158
2.846113563147758	0.1449316266702484
2.137664206537602	0.1420053914322726
2.137055761014251	0.8521924047686916
2.844672208901752	0.8466096763084496
1.037736159691238	1.955177960317702
1.961928430224108	1.954941705280947
1.044489447659539	1.048550861865192
1.955976423459874	1.048592764923018
1.051931399432298	0.06201528009066026
1.966251595863039	0.04835774205080039
0.04473509277517868	1.037727124560973
0.04376043141325692	1.951936594417435
1.047928222505684	0.9552978388941213
0.9618974874905704	1.954896900985164
1.951614918604354	0.9551978923104765
0.9560239161146749	1.048620182965888
0.04810012258554831	0.04381388798952283
0.9654560223442109	0.04843463712518288
0.04510332633971058	0.9618972931813679
0.9515677076704737	0.9551380806063268
1.736034733823801	0.3458536328284531
1.288572465633298	0.2822285477938394
0.7548281525173471	0.3549664550989142
0.3603924600937218	0.2645079388109057
1.367375818030219	0.7279818491445753
0.2607596054296671	1.347280184710154
1.347684175915943	1.721149869571448
1.636872800370102	1.730908227841637
1.726011441323292	1.338935556533361
1.268729656828646	1.36489327928132
0.268802652547257	1.639103682065329
0.6370434108080951	1.733696981373822
0.7270891541210496	1.338507890579098
1.646253117495325	0.7225458213066125
0.2674274543937921	0.6373673790666692
0.6564724079350234	0.7285306156025649
2.374723389826894	1.265710528597779
2.377248227531478	0.2510885036673673
2.735817937108887	0.3729909527151465
2.73221323720864	1.369266263477484
2.629655311041153	0.7453776382142466
2.628882444587525	1.7448212989648
2.286320402350834	1.63204763510867
2.254485056600589	0.6204670587388109
2.788266668134454	1.074631034929898
2.213357568389247	1.907534111229648
2.214682546299222	0.9022440392462395
2.777901364749596	0.09532098099482324
0.160209146991563	1.910840906830756
1.085390278635705	1.84406486505697
1.156668920593767	1.088621950201804
0.08959344686896414	0.1604414233744003
0.1552284900300032	1.085636611858503
0.1605410017137036	0.9107864706324574
0.911385915971756	0.8441405531087228
0.8416247643695378	0.09009953969475541
0.910808884854891	1.839479418906573
1.911950917574074	0.8447796122374198
1.083234943776787	0.8457608853037341
0.8502394917221009	1.090949050844713
1.911262339567989	1.839778546570095
1.850009080788639	0.08606388093873389
1.848978802982871	1.090281466540039
2.062114864785435	1.131485352751552
2.921490005118875	0.1478640404306952
2.065704777508194	0.8657831673732751
2.057871669229042	0.1326649030719695
2.919162050931869	1.147625059409236
2.927711717164549	1.864575913029838
2.057104219921991	1.851658679858141
2.927716484355624	0.8645842868473895
2.123001700692143	0.07264590272404753
2.124078788977867	1.06772884957712
2.868836407587503	1.927731726481347
2.868842221654202	0.9277409696961209
2.033054133295223	1.95359750627324
2.941226990744398	1.938578693203766
2.939399944385809	1.063852182009588
2.046153335365226	1.058281930507665
2.046552859505255	0.9405223069109317
2.940082179137496	0.06460544944766873
2.941227840102855	0.9385805285712445
2.045276193457133	0.05924825992041202
1.489189971195267	1.245678076151329
0.488054077099094	1.238743615207238
1.521515020215264	0.2430927691063385
1.227874602463014	0.5377448062343483
2.412486091282315	0.789564628351886
2.395588562798022	1.77598649224846
2.566638964906173	1.237849845717006
2.569532886152925	0.2040196037713655
2.240890818809913	0.4233784216451839
2.240112371194268	1.399271845533653
2.78557521548076	1.639002818064594
2.786075642538971	0.6393718180335325
1.309612802117037	1.554474081805385
0.7733043561597569	1.550674959208113
0.4515592147948008	0.7700584754246801
1.674619559539017	0.5378988833970255
0.5579531574187249	0.2364274795272576
1.777758959532944	1.55302616770927
0.2293176789338257	0.4530484579990115
0.6871768766254784	0.5340816769150251
0.4518453476033897	1.776346708966675
1.817543029624879	0.6911163009117711
1.174217795165927	1.681952173284373
0.8146177647280745	0.6882381662186738
1.163974287985378	0.1841153008384109
1.498172425500937	0.807652094871132
0.1893216101934777	1.495868610432118
1.494863828252126	1.811472810968708
2.870683445566279	0.4351139899781089
2.870257932584836	1.434495292933612
2.320297534816575	0.1373841674479346
2.289206630419649	1.134841420633006
2.689237845229675	0.8681541934429684
2.689023175962951	1.867884394874685
1.746926444180201	0.8449554379415799
1.843930177195681	0.2634675118320429
0.7411078030932777	1.841812124222683
0.1529982335117426	1.248788240848363
0.2586372569407614	0.1576661333180332
1.742377174855058	1.843523249462403
0.8523039149801162	0.2583708404124175
0.1583448145679661	0.7411490367958492
1.247792840873324	1.846512942190743
0.7456346828604694	0.841799353158633
0.1564582532312906	1.742463225710541
0.8520436719540355	1.254220801935954
1.241535414822729	0.8445305721799947
1.150384597673164	1.262557039103043
1.85137445685401	1.254008698843279
2.848872720757722	0.2772265293915688
2.849769551650885	1.279094380290898
2.140547991072296	0.7045426733579895
2.140791892908509	1.709428977940454
1.74742495574293	1.096295675645432
1.25388306858074	1.082574787478094
1.080664951193973	0.7492193892723407
0.7527763552966864	1.099151109543232
0.2666910717600544	1.910816126166938
0.7342245685174963	0.09241176544939551
0.2668180838232097	0.9099385844308422
0.09003922347994633	0.2668672712292483
1.9109105371435	1.733529498503849
0.2541305114641919	1.085595976151127
0.910055437889013	1.733243161505063
1.760544838017274	0.08343197785395544
2.868168296087042	1.071633232414432
2.122760184100029	0.9269567985514344
2.86909233898559	0.07537504273577335
2.13742394858657	1.938069644317331
2.074218998676882	1.918007031503392
2.662526888022952	0.5399492991282205
2.659108962089975	1.538990212257663
0.3322734880984554	1.503916327717423
1.486218642847623	1.663874788063974
1.500077611584102	0.6559521200357045
0.845904556856349	0.4892155416441611
1.845289771045629	0.4882188856764424
1.164219390716002	1.521913045246131
1.174621301750791	0.3877226206075718
1.355492471028517	0.1625374951567268
2.524332286285192	0.3382958708592071
2.484904840724709	1.660372055373178
2.479109113739041	0.6547322606744242
2.2038251816985	1.257833649650437
2.228257041679	0.2703348083827471
1.638152995508223	1.205360460022603
0.6431175479205308	1.20478475191352
2.505689262613584	1.348325673580245
0.4024513153455483	1.154763958216764
1.394997666073217	1.138045513861183
2.329137309116106	0.510631558301254
2.345264025337658	1.502023480106124
1.446213299570071	0.3490209446820519
1.664689886852282	1.485141796276084
0.3402752627733325	0.5047843503732242
0.5022164110272626	1.66363629305569
0.4829787947322465	0.3354460702466447
0.5327122517521121	0.6504711585405397
0.6673418182911576	1.480509634183468
2.528994239573657	1.847260719228416
2.530990796185669	0.8494441978745899
2.460438131585164	0.1413689496415661
2.722666325256453	1.219330054426006
2.42970838759348	1.127877875719623
2.129266309975894	0.5418906691770294
2.134938469026863	1.544066336863364
1.431923230619646	1.383844974831203
0.6096682418110003	0.8572177698297007
1.608322033501863	0.4241241828929745
0.3903689619411665	0.135169254609791
0.1374475001287539	0.6089784073517578
1.861201809724978	1.39086521888314
0.8610321067809673	1.390461668670254
0.6086590613550006	1.863177654756425
2.283167323848766	0.7607683084067648
2.272505500305829	1.774228179948279
2.72352953843018	0.2401898572930604
1.662797412007121	0.2108250979857731
1.132999472088208	0.6177241599467039
0.7797233271918529	1.689461724191852
1.784075499812654	1.689729885301194
0.310795823207227	1.784158232514275
0.711137042853025	0.2310361823506063
0.3110605879718181	0.7790836676702056
0.2203832503653656	0.310201609272314
2.756315955744515	0.7511669409862352
2.756098217504503	1.751031645940123
1.581189347245948	0.1308503635334535
1.617028015011304	0.8695869283491474
1.614540322698662	1.871811221465698
0.1376125319881578	1.389189081014423
0.128202790703364	1.614944682000412
1.389027919150845	0.8568445655569931
1.389447748048779	1.861847182587842
2.862184374530956	0.7254270647787916
2.862113042473097	1.725328804092221
2.589657440314482	1.088439689179651
0.9128593392214446	1.55753935073912
0.4432822022032248	1.913967848749223
0.5425508224209464	0.07534761818455181
1.913774735432614	1.557966728321534
0.4427621246284804	0.9120337720054621
0.08709554305232277	0.4435631890797979
1.096698704397934	1.348555378448141
2.879170547897116	1.557914251724167
2.87944037899788	0.5583685377416251
1.730003154686907	0.6708979624256627
0.7188923671501041	0.6636739042303359
1.277319628794707	1.64452897906287
1.911965926232002	0.6447667572881142
0.9110606240517293	0.6436929137566536
2.224867730129707	0.1015089424323152
2.771126688004924	1.915374517770885
2.771167206388283	0.9154297099372543
1.214437790466246	1.180854059846775
1.162312219107887	0.7981047810004279
0.2044575486400332	1.17090491222704
2.915241306110192	0.3516603327666776
2.915154312856973	1.351813567848528
1.140148504238135	0.08100550853809885
1.071516858367458	0.1415303938625775
1.826576116975548	0.8993625079295345
1.904129680146273	0.1728015034332894
1.084941093005461	1.744544389666004
0.8247150110968663	1.895586724836724
0.09993400145151862	1.168562928718227
0.9102520395642996	0.74525734839504
1.82534676315545	1.896273392380297
0.1756591709853248	0.1042241251528107
0.8258319342626237	0.8982157843217211
0.1044439638677228	0.8247121566939397
0.8996014888695375	0.1741583714468894
0.1036784150241926	1.824914704863404
0.9058243802466868	1.175295034836818
1.165852636788621	0.9000483999362882
1.168312318835335	1.899410866875709
1.099584172865353	1.175133742211706
1.905268410014029	1.17502189792624
1.911259476030446	0.7462319660431692
2.217660579304533	1.082020615306258
2.925237904810823	1.247569910419004
2.925735075302902	0.2467512062384489
2.08793257266963	0.7740127421744
2.084572326105513	1.775531227296297
2.680906508159393	0.07880884991182764
2.32316335891969	0.9080990432466213
2.31920610794914	1.909614212524464
1.573252104819536	1.35613405786172
0.570519269944069	1.357852185404484
1.37647522501892	0.5803165883511219
0.4075271883941498	1.366041683634858
0.6053527696928764	0.422552726707416
0.5433009875391874	1.120110214813197
1.53668379179898	1.123552567240558
2.607777127016444	1.414456297963517
2.617094751003255	0.4157060147865708
1.329750832649389	0.4312100086172971
2.118934329857146	0.3436967164062093
0.3966637046535945	0.6246655144241922
0.6263900794012316	1.604705505755868
0.3713725862778492	0.3878986987182882
0.3967431929296842	1.608956317834095
1.604973425528602	1.602208108252077
1.239105115826443	0.6762716890552454
1.09468891355576	0.4956571438188184
2.117426113551829	1.344258650707271
2.385047185031741	1.39940710981331
2.399630034956569	0.3856952477632309
1.358154184775165	1.262171184622982
0.336224486770138	1.248353552239229
2.386505740371271	0.6611624304172173
2.395533218040097	1.627256328469852
1.385411486917131	1.629239104623652
1.385353871650807	0.2617169781514059
1.571543471651159	0.5626801301431554
1.183998229064832	1.426178134777588
1.824568025637243	0.5872650378654788
0.8243147544238756	0.5847658009661435
1.606504749074332	0.3166639284697877
2.569816964375945	1.592688520074023
2.574965576653438	0.5922444051800928
1.82090529876598	0.3492090693792085
0.8251032616627224	0.3734287186864872
1.749082233659449	1.48296208414516
0.7483636731401959	1.480241127025833
0.5246045152331712	0.7422348787412485
0.4595576973858423	0.2589093805722696
0.261175918148411	0.5365112465892502
0.535014060963762	1.741726773549419
2.481174440467983	1.265195078419431
2.800072776862751	1.552070166576564
2.800858629653853	0.5528395678406757
2.460231423362348	0.9027636641825086
2.457386692187481	1.900906888851191
2.542342955907191	0.1160516102697847
1.131177777011015	0.2911884522177776
2.255988951594453	0.4994758013523939
2.280739697026152	1.534750799501003
1.253734125024957	0.09951687717829402
0.6069466916895766	0.5707566412226017
2.511279441615887	0.2576720315367753
1.726296093915621	1.189508115623317
0.7302517329889316	1.190659470922026
1.447103409887756	0.08965400116439705
2.709518036261306	1.651671072171487
2.710514109243986	0.6520097254069458
1.647614992731933	0.1401530715841191
2.490969071731219	0.7605641224393116
2.487769502457836	1.755616444945598
0.3531100237872214	1.861077886194728
0.6628673143614938	0.1348402183109347
0.8589113491598855	1.647300247669595
1.861139125309345	1.647842275180927
0.1412758010217622	0.3533235141268828
0.3530067444607282	0.8583363111719443
1.079777118706387	1.646772930788183
1.407824694128187	1.464995278446
0.8243770406470784	0.7953956630193528
1.803971502214199	0.1683641840977365
1.825738897952263	0.7971436367743631
1.692008527012901	0.4428517207698565
1.528344164270715	0.4067425225907059
1.169893239164185	1.794396448879502
1.463378572844345	1.905293882805294
0.09469720822054377	1.463408261437233
1.463995654967743	0.903223051781897
0.1805055540827805	0.2175451203240833
0.2178900911562646	0.819436208749191
0.7885995313740486	0.1832021282864673
0.2173140402626015	1.820945810974809
0.819540771667941	1.782242331569073
1.821023686179094	1.782793295652094
2.084362205097918	1.634712828155925
2.082561541742894	0.63266152865208
2.118855053433835	1.209643952609204
2.67247976224528	1.143295429902535
1.236257888118837	1.27765437173704
2.919885242920633	0.6282696828327594
2.919785039323122	1.62807247004093
1.309437362701307	1.150808978549308
1.41795121874732	0.7802590447178546
1.542475316090368	1.736154387587647
1.549626990761738	0.7307660102539359
0.2637867120086969	1.547449892139253
0.2161272911551453	1.412954587494667
1.413997568562689	1.785030518087731
1.922220524088377	0.4485527761014313
0.9201444235205195	0.4493013295377708
0.5523830232393414	1.924340233312996
0.4450282829793982	0.07292221451755902
0.5520790448851315	0.9220079932182145
0.07618114741597996	0.5526059991206913
0.9235649927535324	1.448142836981978
1.923914086980595	1.448442914489913
2.820226983003744	1.363499399226257
2.820907513732015	0.3646693317929184
2.603097059768991	1.915898346003952
2.603558431095903	0.9164503487601333
2.397617596936217	0.08344580326078953
1.562893037334576	0.9283781582628667
1.562067331254569	1.929596636292336
0.07041785919215669	1.562174903259791
1.34314447117319	1.074330501774086
0.3546585208337521	1.082917157852752
2.265119293297948	0.1965407485924251
2.286301229559498	1.221007089687579
2.492013068617625	1.07365631166379
2.800321252482224	1.214317365674802
2.792274811109751	0.2029083360148867
2.190079883113131	1.797803512005206
2.194355755121109	0.7902277715936638
1.314492363162251	1.896649058584244
1.31212572895125	0.8926532826760606
0.102448096490974	1.314594730544244
2.360634152956118	1.093276547792354
1.20859167999313	1.5939180989102
0.9319189590973092	1.354026088018827
0.6459930572283393	0.9293939823715937
1.931957971637816	1.354122177043404
0.06888850165960182	0.6455885864307782
0.6454880173670794	1.9312852311771
0.3538354640591892	0.06780440397154701
1.078601856685032	1.55443497932094
1.075408354998567	0.6554654285648559
2.708835079035595	0.1660689996706129
2.341370531434324	0.816800917428929
2.32910190128882	1.820475256026465
2.388787234433823	0.1730991119642035
2.618741480265562	0.8238508954119076
2.618038437541706	1.823008598142043
1.73456860828198	0.9260501145900529
1.670509139735254	0.8123024282570102
1.932007025661086	0.2567208171957597
0.7319154569767991	1.924169549797749
0.1871778049854585	1.329337924431037
1.733166495783707	1.92577302237574
0.3346498746059157	0.1866895382297678
0.07420861461169138	1.733125939413087
0.2679359050528905	0.07546268033386219
0.9305633372040513	0.2555454809603476
0.1883022336323087	0.6645762498599556
0.07589126265575034	0.7319505866278906
0.7331099275934335	0.9237390335208286
1.328787921082601	1.810162369521317
0.6708404308094996	0.8059338004080577
1.664721903386904	1.81543798674308
1.324539454651658	0.7945088529255729
0.8130139364244613	1.327925987006144
0.1845039561043691	1.665423171767329
0.6643447298646167	1.812198074582334
1.812571988148522	1.328106451225821
0.9281260317556738	1.267018601438478
1.069258778706168	1.257249161658535
1.927954630833073	1.266963872836229
2.210035962143474	1.173673090015581
1.649791403434642	0.9337667177791737
1.648746736706009	1.934529969997082
0.06546595414278462	1.648817675274313
2.939823046597849	1.437023369332392
2.93993726093804	0.4371912211243444
2.824448647985281	0.7721825872195754
2.824376735286286	1.772114854960545
2.225750459448629	0.6978436604077839
2.22738617313475	1.710426319730247
2.361796040260674	1.174084160638776
2.315743087561591	0.06449092770557933
2.763264917940248	1.823920434499499
2.763368318439069	0.8240222371775698
2.685551573678134	0.9400768271875393
2.685448829315323	1.939935822742607
1.929709635506311	1.092932599074929
1.072489845070636	1.092691962995198
0.9299983916050666	1.093091623165179
1.089458135429072	0.9263796585983087
1.90960567061161	1.924531244494339
1.088543393511986	1.925847992553816
0.9272467360727772	0.09226774364956879
0.07568987046661167	0.9094173317788702
0.9078598967249011	0.9256264817702257
0.07522406624454514	1.907701718574399
0.09247292721535873	0.07541846660309402
0.07379048850117148	1.08857540729194
0.9094194259280401	1.924314009489625
1.931259034978144	0.09172779420065356
1.908114603784452	0.9259588939094593
2.942621850916761	1.557063655470336
2.942716451882369	0.5572794059684469
2.910256696447625	1.773066895972102
2.910278221152311	0.7731028466681406
1.545114643432564	0.07066852645841706
0.5682221674730898	0.3325321926845798
2.613292595112187	1.296438303401112
2.274619543052325	0.3420544105373365
2.418179644543028	0.5679135421208632
2.635965546921862	0.3091587018175875
2.125626092078374	0.4646441647729995
2.099579966326985	0.2042258231146228
1.634551195570952	1.132441640770085
0.6480036064723766	1.132519512132079
1.404394132983108	0.4892500811345052
1.087131520800469	1.458434012587261
2.280550642017426	1.316998160575176
2.131632397567078	1.463504521550775
1.271902570566989	1.467366168673123
0.7001022987915601	0.442219851355887
1.728301298059606	1.615576607603202
0.3852940028795502	1.728412505659213
2.353942518552023	1.70230090786222
1.917562812595182	0.5446945484786234
0.9169634382610058	0.5443329738054103
0.4084106535486247	1.273619978871595
0.460683456467499	1.082974166690384
1.464168815958126	1.08033271008639
1.566195734237157	1.272035862212883
0.5651751112879343	1.269802307154896
2.784642365443876	0.4566172680028555
2.783069506061531	1.455111390771454
1.266127369358252	0.2009643020397653
1.739710431213698	0.7565454772620979
1.745845208497581	0.2479717496886428
0.7384719011160993	0.754100518095511
1.214679144962285	0.31641554448336
1.257788257357265	1.749781324110891
0.7135872672533883	1.613325089260035
0.3884856162376059	0.7111632747139582
0.2873509838831479	0.3849109989746459
0.6298280892667939	0.6545605162117171
2.174445055034772	0.6260897715077872
2.181531078218856	1.632757946806355
1.186991621363323	1.33588923367903
0.9008140737302405	0.3464531811274854
1.911236615873085	0.3470994812136785
1.289280630403604	0.6131026423973003
0.5970560168533948	1.533031135436279
0.4113195413220379	0.4567859348203093
0.4654337166930911	0.5931183562018226
1.83554210520151	1.487792334557329
0.5145590522463355	0.8315239791056374
0.1652806512629629	0.5170188596685249
0.4840845255081731	0.1603793581247725
0.5163190570638108	1.836650856895057
0.8343121256785402	1.486680827856319
1.079809011254224	0.3755606193562523
1.53607345408142	0.3146260241343803
0.6511362885910152	1.391718856342104
1.648934344673059	1.392507374377102
2.591260956711097	1.485403559291311
1.425726603655969	0.6991034867145968
0.3168399559729286	1.412062266974286
2.598139439133264	0.4863938616444389
1.585471156560475	0.6596643451828518
1.161719134065521	0.6951419069213165
0.3116885284867692	1.173972811528358
0.7651381482354713	0.5110370691118283
1.760757114356649	0.5126602024664909
2.470015922163986	1.583965100001153
1.246561028281311	0.4529781366140332
1.462840702921839	0.568585454364642
1.46199853215003	1.575635047441126
0.4088146371864598	1.458836859170193
2.405961770078529	1.466053967093117
2.769788841674107	0.2935494330336212
2.639652734554436	0.668803816969486
2.638023219210996	1.668558782661336
1.462972415307689	0.1926149042736928
0.4624723616876953	1.59837927195835
1.592633550837889	1.536866069420595
2.440253327556632	0.3123954998480119
2.550645743600749	0.4169936592869269
0.7728820177911926	0.2733364786852535
1.702137642945939	1.259346160215083
0.7043566756687496	1.259430988650245
0.241304977392408	0.7245484048314531
0.2747412564728539	0.2400404143808004
0.7246103351353549	1.759119987587775
2.626561705622521	0.1445393038272289
0.2408815895499957	1.726953669861924
1.726404637430379	1.759129953449606
1.566428543985808	0.4745782170876119
1.421439706543916	1.708115241317497
1.057979838928118	0.4410831592934277
1.237485051524547	1.534262085004738
2.512725091556311	1.166433595377395
1.351152954524533	0.07009352789861371
1.605938986789396	0.1834371088852286
2.407669133243849	0.4647917691770403
1.352142958140901	0.3501984326581766
2.426887931743396	1.338694659218109
2.549206676954229	1.300616346093137
2.539062499734821	1.419040283177492
1.716272169203089	1.541764674186515
0.4691646663538255	0.706886207265456
0.3344360880032098	0.5841726237991175
0.409134730563911	0.3274146606536145
0.5065456053539891	0.4201684486175057
0.4600849621694337	1.714586121471025
0.2912672499201581	0.4638607103094112
0.7136290029653167	1.535846302305928
0.583514803090276	1.667454328515499
2.342809174474566	1.567354453561013
2.276583542013125	0.5579295499140022
2.288402065551768	0.4631445672929373
2.288895044411595	1.459438677156626
2.425773029612929	0.7213146015210655
1.075743433488512	0.5701595893835584
1.786096241922796	0.4250879631470699
2.692163464966658	1.788047909740599
2.692502952540421	0.7883401802047159
0.3364939914571793	1.583570127681249
1.577686742132318	1.662360505266085
2.330883844315037	0.204888731059178
2.517958885563293	1.932851502606431
2.518878429601461	0.9337089332418277
2.4801565812728	0.06808358399796652
1.416408446799974	1.218396645880776
2.057299473905437	1.551384005793681
2.055594609923578	0.5506385476491851
1.499478069376323	1.324742291362817
1.480925888764576	1.453495663536999
0.4888076160374923	1.319946799203794
1.355171928079571	1.336381927118814
1.718606831636136	0.1565969573749097
2.271274022851639	0.836136646239386
2.265032724728925	1.84208176687807
2.769484446874088	1.290073955054066
0.8113200537479611	1.178113431655939
1.809311289503914	1.177229898325591
0.5601932803242301	0.4971918492594611
1.246243584979607	1.928522399308002
1.244035868451582	0.9276172005234333
0.07095532164074769	1.246421118635404
0.194551502803411	1.585011312243009
1.583540455108367	1.805514928759057
1.588151500329939	0.8012438112051731
2.458637960391654	0.8334641800467804
2.452535939075977	1.828426697724365
2.506259613768022	0.1877732898641981
1.393328723581286	1.537032517602028
2.670025826832088	1.063459794592605
2.420011853872599	1.059069803606002
2.757258771545202	1.146836069372493
1.239099122000719	0.7524505441408378
2.071651924407866	1.281534000700286
1.150201796591656	0.5521178092232683
0.25448661033755	1.262560862161193
0.5926863597359772	1.797842752892268
0.4055206297581482	0.200758728616118
0.2033895320376466	0.5933157014452153
0.5937935001530171	0.7799346911427945
1.783646709427048	1.408335466560267
0.7836976467002028	1.407321513308872
2.359397929050183	0.7389230783675586
0.8425546344464742	1.713585070079761
0.2863759955154159	1.844515430310405
1.844577051228239	1.7139983079219
0.7084312205609912	0.167068311270959
0.2865854854935379	0.8422928597810944
0.6452593882376808	0.1974054624389195
0.1575394892910358	0.2864783295852197
1.649840174544248	0.3642505898687508
1.07327823104785	0.2231198182763948
2.867357510986616	0.2038500338261214
2.866026698932072	1.206526633784401
2.91357259427217	1.498024163760217
0.544417218096046	1.056213718535516
2.806692666662262	0.7092051847843877
2.806511079722036	1.709051988184483
2.597445903350082	1.172515966118995
1.937279173409256	1.64805862100642
0.9365929204341062	1.647830133277693
0.3523816622762524	1.937286237603364
0.06342824021894367	0.352530221495487
0.6380148762514701	0.07441307079044777
0.3522576960677021	0.9363610983166992
0.2634200855483801	1.47479394463805
1.478387481153089	0.7351925095490974
1.472282833124697	1.741078327605242
0.06687977454232752	1.373503789241223
1.373061845433351	0.9307488653921452
1.373604377769587	1.932769213833819
2.696875080031063	0.7167267240939351
2.69626416463864	1.716476556064085
1.683878002175035	0.8775572099122959
1.681147732240313	1.878646299962494
0.1213345504765291	1.681326059858709
2.077377302938412	1.704941630645883
2.077802240145135	0.7031356397103279
1.140981413926773	1.599738828741312
2.565357861070445	1.773909382277791
2.566691522990487	0.7756202429489907
0.8348375974854425	1.571700729594713
0.429132779763243	0.8332927939027701
0.1657000825627228	0.4303695079712499
0.4297666001378196	1.837404131586737
1.837518323699243	1.572787765531455
2.400040523459356	0.93518589215119
2.39748579719903	1.934564618812924
2.606572578263536	0.06774929914835191
2.725613544453859	0.5849668029103817
2.724164158964815	1.584274154084145
1.546163163423153	0.8623827747658732
1.544145808919849	1.864979532694938
0.1351680409340667	1.544627291195132
2.055142140228912	0.3459754626332036
2.300614034257376	1.062286253577129
2.431896626311885	1.199922931338744
0.7748001989405945	0.6309257456232842
1.777965548693312	0.6358479590681083
0.6787177519166405	1.874889308279267
0.3207433237272589	0.1242622648302052
0.1253285291745765	0.6788446669716049
0.6810693772292492	0.8719545306985161
0.8775956358136223	1.318700562091958
1.877440579030758	1.318757969610372
1.627270965975035	0.0716422429823164
0.1592717484108023	1.440574559793421
1.44231915147252	0.8374185270504092
1.440795849875354	1.840982883479671
2.913768622166145	0.4983986949074349
1.690706756558942	0.09009982678832637
0.8567744120150659	0.417367307376591
1.857640013998092	0.4116190029825656
1.858655839337951	0.9563514202042346
1.967092151423542	0.1429362263566644
0.04458883918677402	1.858206063901449
0.04335518730235378	1.139317176387006
0.8586093831981864	1.955101206647012
1.138944961558001	0.9566859115406
0.1419594913775243	0.04479607199679535
0.9567258084953203	0.1415154259821308
0.8584165339697332	0.9560096661761028
0.04490259377510448	0.8586088491050093
1.139299663428058	1.956335326572052
1.034389238237247	1.143593014508273
0.9672455370562112	1.143679793445071
1.858788965958081	1.955334974889924
1.967107551328598	1.1436043027188
2.849331051935326	1.499882913881762
2.849860550513108	0.5006344755822264
1.295789184703527	1.227711972898736
2.399169252156112	0.8645301043413708
2.392076259071072	1.861822470280107
2.447256970322889	0.2205013539481215
2.910121341857971	1.69966513290306
2.910175183213272	0.6997671810916101
1.312263497915452	0.517299906544661
0.4924137530027615	1.411050503838703
0.4800058713488805	1.166390854793542
0.5539547601766001	1.191139672387659
1.550387702965197	1.194144722295536
0.5797019189569927	1.448174144552727
2.580685413278906	0.2833473659658832
2.679186331515654	1.44889671282292
1.475711221642936	1.167035218268439
2.423590593454054	1.704332985081858
2.683950148047013	0.4511233481709596
1.470283380197993	0.2719845447752992
1.26746598349235	0.3696110566434337
1.569559620595977	1.448324660936882
2.194769145449522	0.3443647877428129
1.6581582240338	0.624881055476136
0.5172898547217955	0.2903314319209288
0.4057376228240563	1.544752513095498
2.49348613978821	0.5793277631174112
0.7914210758419967	0.4307934987153175
0.3304595612767878	1.318554774647265
2.190047066263415	1.335627103627578
0.6425974167785559	0.2736853678052558
1.364754186390509	0.6598960498420882
2.577854435024696	1.356731687776855
1.540046399953714	1.593598890115476
2.18725291027519	0.4831573767296118
1.200418682110673	0.6154049313662341
1.323610058271604	0.2263054871970375
1.424992796953927	1.295476991047601
0.6634959889205899	0.3530149126699196
2.183799174301149	0.1982208880866627
1.45486132770468	0.4287912560534576
1.34640731682587	1.417530723839481
2.644064287903895	1.227170186968901
1.59227689089287	0.2492451266287223
0.6768495152249649	0.601986723592685
1.64315757931138	1.304269070521106
0.6441214980384202	1.30400288177017
2.470395414944198	0.4035162771253052
2.306586631313209	0.680642054805031
2.459049000331856	1.411560188740131
1.682432136580225	1.140137467251287
0.6920286088264689	1.143608171668559
2.408320389328007	1.540868488296497
0.702231270136816	1.692113249764966
1.798078174669213	1.616164188856666
0.3857009774888203	1.797758189121418
1.706224256826541	1.688729628966967
0.3113066226470252	1.70714387412646
0.308736085186302	0.7016749161521831
0.2970054018258497	0.3063393599883476
2.207274245672993	1.481956293893281
0.6321531983830793	0.4929955059194044
1.623244493697236	0.4887421819963714
2.648947314915407	0.2356903736692768
1.772144573541973	1.257925642649082
0.773650554235313	1.258232097646718
1.78719918276989	0.3017001241295195
2.088671855811276	1.406636065748305
1.665977099265741	0.2891439107235539
1.594561930472569	1.090234901007782
0.4045718859136176	0.5463537323043289
0.5452070945104766	1.596908047443957
0.4363848021740896	0.3853682132469876
1.73819727018657	0.5948257600440285
0.7412493428295391	0.587512243264941
2.304577204259477	0.2658913009059804
2.650250027210646	1.363235230115455
1.660223282677521	1.571413294214477
0.4265399215334917	1.661735483874753
2.068415855300039	1.477751701332112
1.212694338896006	0.254385472895896
2.59449544005938	0.3553674718859399
2.660270158979765	0.3680443080002593
2.327550161008089	0.417341918516028
1.16824354889039	0.4765678609728545
2.660264290283618	1.607154586901657
2.662568597994128	0.6075593106294921
2.328856525579007	0.6004228006846827
2.563465498416784	0.6994713869643899
2.562557971854931	1.699183679155688
1.586306468248503	0.3655523234619784
1.115118064700632	0.4350037231669347
2.68914014290932	1.294220233453499
2.695815946296025	0.3032811006682521
0.7925886560234525	1.614883374494961
0.2082292844919501	0.3860352273836007
0.3860666264718594	0.791132889944687
0.3777016880585773	1.212196063956468
0.3537615851964925	1.655140905525635
1.652837650777236	1.645593276001716
2.293783145809043	1.715550741324475
1.451640379041947	1.510171734716746
2.329086770886646	1.757913961119924
2.751224188041438	1.693829057337884
2.751631401823659	0.6940386854195345
2.070260061250783	0.2780397916448047
2.087281113468126	0.4074518371168768
2.066218825232818	0.4776404552931646
0.8212216996888001	0.3206517401347693
2.158894627393033	0.4114511507967036
2.148961809505885	0.2734044094156955
2.315947098082104	1.393824183701022
0.33864080902443	0.6524623672258789
0.4502147405260303	0.6577134068653173
0.3401252565213901	0.4396624323059598
0.344719447779722	0.3339473893507731
0.6638748970788265	1.553660519142629
0.6530635335175152	1.662603770513969
1.546494255608033	0.1883896942215653
1.400648251420754	1.073393062106556
2.217570971759483	1.565259913206994
2.213148473518003	0.5554380373129088
2.856003798246186	1.669136928434027
2.856159623684981	0.6693422443529955
0.7158870878381647	1.419780367068356
1.714849114619637	1.421584071984652
2.353635745216141	0.3292771664948347
1.51087721164357	1.393490240190275
1.302571695948923	1.293846242342946
1.354895141804948	1.199753116004712
0.6174693787913809	1.077864851252321
2.139918872461365	1.286366894246011
2.356301844225654	1.342986802503743
0.6825478375287773	1.090633542028702
1.660511821531079	1.076568848944541
2.723380727796715	1.085635377175775
1.258078908435253	1.581680427878262
1.214114844967808	1.487236624906581
0.5884516418393865	0.1459221156251548
0.5873598804054648	0.7114651849697744
0.529102900114008	0.5649260185203044
1.304073758853072	0.7043105655382428
1.397253904650467	0.40958746329781
1.539457901743072	1.058927977956751
2.055291651346709	1.346753285978737
0.4312027212331212	1.209391556294938
0.7090383910628495	0.296366924728023
0.6017039478296078	1.14541188278052
1.591860498145188	1.149338837858335
1.345396239747823	1.488139559253028
1.516287782472698	0.1339418593898332
2.731340028625444	0.5172633695210511
2.72926909640014	1.515998266919069
2.848805508308314	0.6101664602975034
2.848515111324244	1.609773658176145
1.425931350118643	0.633055263954973
2.347769269793373	1.444084136681069
2.161885836629274	1.405640080251328
1	0.95
1.05	1
0.05000000000000004	1
2	0.95
1	1.95
2	1.95
1	0.05
0.95	1
2	0.05
2	0.15
1.95	1
1	1.05
1	1.15
2	1.05
2	1.15
21	2	196
1064	3	1068
433	23	601
149	6	258
57	5	188
424	59	594
183	7	1061
32	31	238
1067	6	1070
430	14	600
23	22	422
33	32	318
15	16	583
196	2	1063
195	13	642
642	13	890
14	15	600
488	202	808
17	18	401
401	18	834
34	33	1029
35	34	826
188	5	1065
189	4	1059
601	24	692
1057	3	1064
25	26	549
549	26	671
20	21	234
234	21	638
196	22	638
23	24	601
48	1	195
731	201	1045
29	30	233
431	32	604
33	34	579
233	30	640
198	31	640
32	33	604
688	214	1038
35	36	403
403	36	835
38	39	232
232	39	639
197	40	639
432	41	603
41	42	603
42	43	581
1	13	195
230	48	642
24	23	822
25	24	704
26	25	742
27	26	766
585	27	766
28	27	585
29	28	317
645	58	885
139	11	260
140	11	256
500	51	745
505	53	651
466	26	742
187	49	421
30	29	237
51	52	745
52	53	505
53	54	651
68	67	241
69	68	315
55	56	326
70	69	1033
56	57	240
71	70	1042
240	57	645
188	58	645
594	60	693
1060	6	1067
61	62	548
548	62	670
59	60	594
681	199	967
65	66	236
236	66	646
193	67	646
423	68	592
72	71	674
646	67	884
191	75	1058
68	69	592
191	30	635
640	31	892
36	35	673
73	72	564
592	69	617
185	76	1068
74	73	316
565	36	673
75	74	229
37	36	565
185	75	633
38	37	324
141	140	327
634	76	896
435	77	613
78	79	578
238	31	634
194	76	634
231	38	324
77	78	613
706	211	1023
80	81	399
93	8	190
399	81	831
83	84	235
235	84	644
192	85	644
426	86	595
87	88	582
86	87	595
490	210	807
89	90	400
400	90	832
92	93	227
227	93	641
39	38	231
190	94	641
434	95	599
102	4	189
641	94	886
189	39	643
4	40	197
78	77	614
564	72	1018
229	74	316
79	78	405
81	80	584
168	9	254
82	81	517
83	82	425
241	67	632
186	103	632
439	104	615
105	106	580
104	105	615
707	207	1024
107	108	402
402	108	830
110	111	239
239	111	636
84	83	228
184	112	636
429	113	597
120	7	183
636	112	897
183	84	637
7	85	192
60	59	1004
61	60	865
62	61	1006
63	62	778
535	63	778
64	63	535
65	64	444
130	10	259
244	65	444
245	58	261
66	65	244
5	121	261
250	122	413
413	123	627
560	125	775
123	124	627
226	129	329
778	62	1006
124	125	560
129	130	329
10	131	259
258	6	1060
225	148	328
632	103	898
105	104	804
106	105	1043
107	106	978
142	141	223
125	126	775
243	132	443
132	133	443
419	134	621
131	132	243
730	170	946
226	179	570
138	139	249
249	139	260
11	140	260
108	107	777
621	135	880
109	108	534
253	141	415
110	109	445
415	142	630
144	143	398
142	143	630
248	110	445
143	142	800
145	144	568
223	141	327
146	145	801
147	146	866
148	147	441
242	103	257
158	12	255
251	148	441
11	150	256
111	110	248
441	147	866
246	151	442
151	152	442
420	153	620
150	151	246
223	178	802
153	154	620
157	158	247
247	158	255
12	159	255
620	154	825
254	9	1062
252	160	414
414	161	631
224	167	330
161	162	631
540	156	905
558	163	773
539	137	906
559	144	774
113	114	597
597	114	618
95	96	599
599	96	619
71	72	527
527	72	840
489	213	809
44	45	404
167	168	330
162	163	558
163	164	773
708	169	751
534	108	777
154	155	647
751	169	948
445	109	847
134	135	621
135	136	648
711	170	730
143	144	559
148	149	328
144	145	774
769	219	842
444	64	848
116	117	525
525	117	841
9	112	184
114	115	618
80	79	662
517	81	584
6	149	257
898	103	1071
2	49	187
49	50	421
261	58	1065
885	58	1066
98	99	526
526	99	839
8	94	190
96	97	619
72	73	840
75	185	1058
644	85	888
192	84	1061
69	70	617
186	67	1067
896	76	1069
1058	185	1068
404	45	833
47	48	230
638	22	891
187	22	1063
639	40	893
197	39	1059
198	30	1057
194	31	1064
63	64	411
574	73	791
421	50	500
661	173	719
27	28	412
696	174	969
929	384	1045
24	25	692
237	29	317
483	199	965
99	100	839
721	172	924
117	118	841
228	83	425
573	118	790
728	171	920
780	171	1000
115	116	562
739	206	955
720	171	932
575	100	792
727	172	970
695	172	912
97	98	563
738	209	956
88	89	550
523	173	939
930	203	1040
697	174	1039
16	17	551
754	356	969
43	44	553
768	220	843
166	167	224
128	129	226
589	216	772
147	148	225
624	222	947
491	215	867
556	218	786
137	138	650
557	217	723
156	157	649
663	215	1031
777	107	978
481	343	717
245	180	658
507	273	1003
246	178	327
800	142	1034
254	111	331
224	175	571
244	181	328
225	181	572
243	179	329
446	226	586
93	190	641
91	92	319
437	119	894
410	205	684
405	78	614
316	73	564
48	195	642
958	202	1014
427	101	887
324	37	565
39	197	639
957	213	1011
30	198	640
34	35	552
21	196	638
606	214	682
84	192	644
952	210	1016
66	193	646
70	71	561
436	74	889
317	28	585
31	194	634
79	80	554
111	184	636
109	110	323
57	188	645
60	61	693
67	186	632
106	107	555
149	148	251
257	103	1070
133	134	419
723	217	992
181	225	328
813	376	947
121	122	250
122	123	413
152	153	420
569	312	786
159	160	252
160	161	414
330	168	331
473	221	761
140	141	253
141	142	415
496	126	859
180	245	250
567	215	663
177	242	251
495	164	858
176	247	252
494	145	857
182	249	253
184	111	1062
248	175	331
252	247	255
159	252	255
178	223	327
150	246	256
251	242	257
149	251	257
193	66	1060
66	244	258
179	226	329
131	243	259
253	249	260
140	253	260
250	245	261
121	250	261
612	207	963
477	208	665
781	450	908
609	211	964
520	297	681
679	200	979
475	200	935
542	203	709
762	222	1020
146	147	447
499	221	1019
165	166	448
569	178	824
576	146	801
570	179	823
127	128	446
59	245	658
654	270	921
653	268	941
625	221	999
247	176	649
157	247	649
249	182	650
138	249	650
543	289	838
425	82	517
736	210	952
82	83	325
734	213	957
37	38	321
476	173	740
411	64	440
735	202	958
19	20	320
788	310	963
543	206	794
409	214	688
46	47	322
488	278	923
501	281	943
787	307	964
545	209	793
64	65	440
593	212	680
524	284	684
538	208	691
412	28	428
943	281	973
22	187	422
683	200	919
709	203	930
408	212	922
710	204	927
672	452	927
119	120	894
518	368	780
493	273	860
136	137	539
492	272	861
155	156	540
729	216	904
974	216	1025
536	177	616
242	177	536
587	266	902
724	219	987
506	272	1002
725	220	988
544	212	795
544	336	712
922	277	972
56	240	326
611	210	736
83	235	325
101	102	887
575	299	596
598	202	735
47	230	322
110	239	323
955	206	998
484	201	1007
20	234	320
602	213	734
38	232	321
437	228	524
573	304	605
28	29	428
409	285	682
92	227	319
956	209	997
733	211	945
32	238	318
74	75	889
574	308	608
665	208	940
438	77	895
732	207	944
68	241	315
128	226	446
419	290	557
398	143	800
786	218	991
447	225	784
147	225	447
448	224	785
166	224	448
776	262	936
315	241	788
911	262	915
675	262	911
718	265	983
718	340	919
546	204	710
318	238	787
319	227	531
490	282	757
320	234	530
755	358	971
321	232	529
487	276	753
322	230	528
489	280	758
323	239	533
485	279	752
676	263	910
672	263	781
325	235	532
486	275	759
326	240	520
424	297	520
256	246	327
140	256	327
258	244	328
149	258	328
259	243	329
130	259	329
175	224	330
111	248	331
168	254	331
175	330	331
557	290	677
1022	273	1052
556	291	678
1021	272	1053
770	334	924
526	288	864
410	274	474
525	289	863
522	277	961
527	287	862
29	233	428
666	201	926
65	236	440
522	199	767
405	309	691
665	274	743
694	265	907
497	24	822
705	264	942
497	286	979
913	269	962
502	269	913
571	377	785
481	169	708
572	376	784
482	170	711
441	293	616
567	345	616
498	270	763
180	250	413
439	310	788
674	71	1042
435	307	787
673	35	826
663	271	928
491	268	750
102	189	643
546	392	596
76	185	633
782	208	1027
938	346	1009
498	352	762
510	267	916
928	271	1056
542	394	608
942	264	1017
667	279	953
547	205	741
686	276	995
687	280	994
668	282	954
545	288	836
819	278	1037
696	462	971
666	281	960
489	356	754
685	275	993
490	357	760
591	220	768
588	267	903
590	219	769
509	266	765
566	292	772
496	269	798
751	349	931
178	246	824
142	223	1034
567	293	626
624	313	689
921	270	1008
625	314	690
966	467	1056
474	274	799
416	316	541
36	37	835
606	305	873
548	338	883
726	264	918
18	19	834
598	300	871
45	46	833
602	303	872
108	109	830
612	310	875
81	82	831
609	307	874
90	91	832
611	298	870
655	170	925
444	313	572
722	169	951
445	314	571
730	342	980
179	243	823
651	54	876
748	354	1041
75	191	635
417	317	713
426	298	532
513	381	993
429	301	533
514	382	953
434	306	531
511	383	954
433	302	530
652	278	929
432	303	529
516	385	995
430	300	528
515	386	994
482	332	985
182	253	415
481	333	984
176	252	414
475	341	726
876	55	881
542	287	878
408	283	680
547	289	879
607	206	739
710	452	721
100	101	792
546	288	877
610	209	738
476	336	719
73	74	791
525	395	879
118	119	790
827	387	1003
622	182	629
828	388	1002
623	176	628
537	364	941
626	365	867
695	360	1015
82	325	831
727	357	977
91	319	832
652	358	923
19	320	834
728	355	976
109	323	830
697	359	1012
37	321	835
696	356	1013
46	322	833
438	309	614
799	274	1048
861	333	1051
623	388	828
860	332	1050
622	387	827
593	296	844
411	283	478
412	285	479
487	359	1038
547	395	605
410	284	577
440	236	521
478	283	869
428	233	519
479	285	868
560	292	627
413	292	566
558	295	631
414	295	628
559	294	630
415	294	629
229	316	416
541	316	564
237	317	417
585	380	713
231	324	418
418	324	714
677	290	900
570	311	723
678	291	899
420	291	556
50	51	500
500	341	679
421	286	422
187	421	422
521	296	680
617	390	844
55	326	881
483	297	693
577	284	849
425	284	524
513	325	814
582	375	870
418	299	427
231	418	427
519	305	682
285	412	428
514	323	816
607	301	845
515	322	820
583	371	871
431	305	519
579	369	873
516	321	818
581	372	872
512	320	817
731	302	1007
511	319	815
610	306	846
1029	33	1032
578	374	874
417	308	436
237	417	436
120	183	637
605	304	684
416	309	438
229	416	438
968	70	1033
580	373	875
423	296	521
283	411	440
177	251	441
576	365	626
420	312	442
152	420	442
419	311	443
133	419	443
181	244	444
572	313	624
175	248	445
571	314	625
586	378	962
570	378	586
765	266	813
587	447	784
473	343	916
588	448	785
485	355	1024
780	368	1026
660	348	1046
486	360	1023
719	336	1054
661	451	907
565	350	714
676	450	781
882	337	926
652	453	756
33	318	1032
909	263	1044
69	315	1033
541	351	1028
678	492	1051
749	349	948
677	493	1050
729	342	946
475	354	748
173	476	719
658	180	938
1005	459	1008
501	359	1039
686	460	1012
706	360	912
685	461	1015
488	358	755
687	462	1013
760	357	970
770	463	997
707	355	920
771	464	998
608	308	803
805	265	934
497	340	704
713	380	934
104	242	536
690	367	1019
491	349	749
761	353	951
502	342	729
655	352	747
675	449	779
477	405	691
596	299	806
714	350	996
947	222	986
587	376	813
499	353	761
669	267	1001
771	335	932
205	410	474
679	341	935
523	354	705
523	370	740
476	277	922
577	339	743
584	80	662
283	408	869
62	63	670
285	409	868
26	27	671
522	370	821
508	379	746
510	343	988
708	456	914
509	344	987
711	457	917
942	379	967
478	338	670
530	302	731
479	337	671
612	373	811
698	485	811
609	374	812
703	486	812
606	369	810
699	487	810
528	300	735
598	371	808
529	303	734
602	372	809
532	298	736
611	375	807
914	456	975
744	491	867
828	272	1021
825	406	899
827	273	1022
880	407	900
509	362	796
145	146	857
510	361	797
164	165	858
589	363	904
126	127	859
704	340	990
422	286	822
763	270	982
535	366	689
749	468	1031
534	367	690
505	341	745
286	421	500
868	409	973
756	453	789
917	457	981
560	363	589
347	503	732
503	315	788
348	504	733
504	318	787
54	55	876
651	389	1049
343	481	988
725	481	984
344	482	987
724	482	985
681	379	783
726	505	1049
559	362	590
472	344	765
669	473	916
558	361	591
531	383	815
702	400	855
530	384	817
817	384	819
532	381	814
703	399	852
533	382	816
698	402	856
528	386	820
700	404	854
529	385	818
699	403	853
477	339	662
284	425	517
779	368	936
779	449	1026
285	428	519
233	431	519
821	480	967
240	424	520
236	423	521
283	440	521
740	370	961
199	483	767
821	370	989
705	354	918
228	425	524
304	437	524
794	391	863
284	410	684
299	418	806
793	393	864
795	390	862
308	417	803
701	488	808
230	430	528
700	489	809
232	432	529
819	384	929
234	433	530
531	306	738
227	434	531
702	490	807
235	426	532
533	301	739
239	429	533
664	367	978
534	314	847
657	366	1006
535	313	848
177	441	616
536	345	1030
941	364	991
744	398	829
309	416	538
776	470	1028
650	396	906
906	396	1022
649	397	905
905	397	1021
538	416	901
901	541	1028
694	451	930
527	394	878
618	391	845
543	335	771
869	408	972
544	287	837
619	393	846
545	334	770
526	392	877
806	471	927
474	335	741
205	474	741
63	411	670
767	483	883
27	412	671
549	337	882
550	400	702
89	400	550
551	401	701
17	401	551
552	403	699
35	403	552
553	404	700
44	404	553
554	399	703
80	399	554
555	402	698
107	402	555
312	556	786
312	420	556
962	378	992
311	419	557
628	295	768
495	361	773
629	294	769
494	362	774
798	502	904
496	363	775
561	527	862
71	527	561
562	525	863
116	525	562
563	526	864
98	526	563
776	351	915
351	541	564
673	454	909
714	471	806
772	216	974
566	346	938
764	271	1010
928	467	1030
144	398	568
568	398	744
442	312	824
569	364	802
311	557	723
443	311	823
221	473	669
175	445	571
762	352	986
181	444	572
437	304	790
573	395	841
436	308	791
574	394	840
427	299	792
575	392	839
568	365	801
576	293	866
743	274	1035
584	339	849
554	374	578
79	554	578
552	369	579
34	552	579
555	373	580
106	555	580
553	372	581
43	553	581
550	375	582
88	550	582
551	371	583
16	551	583
79	405	662
284	517	849
713	465	803
766	466	805
127	446	859
226	570	586
146	447	857
857	447	902
165	448	858
858	448	903
292	560	589
654	346	974
590	362	851
294	559	590
591	361	850
295	558	591
561	390	617
296	423	592
212	408	680
593	390	795
297	424	594
693	548	883
298	426	595
87	582	595
204	546	596
392	575	596
562	391	618
301	429	597
687	386	958
600	583	871
563	393	619
306	434	599
300	430	600
15	583	600
302	433	601
201	484	926
686	385	957
603	581	872
303	432	603
42	581	603
305	431	604
33	579	604
205	547	605
395	573	605
214	409	682
604	579	873
667	382	955
607	391	794
203	542	608
394	574	608
733	504	964
613	578	874
668	383	956
610	393	793
685	381	952
595	582	870
732	503	963
615	580	875
307	435	613
78	578	613
309	405	614
77	438	614
310	439	615
105	580	615
345	536	616
293	567	616
70	561	617
296	592	844
115	562	618
301	597	845
97	563	619
306	599	846
540	406	647
291	420	620
539	407	648
290	419	621
724	507	842
219	724	842
725	506	843
220	725	843
689	366	1020
376	572	624
959	499	1019
377	571	625
215	567	626
293	576	626
292	413	627
124	560	627
176	414	628
388	623	628
182	415	629
387	622	629
294	415	630
143	559	630
295	414	631
162	558	631
439	241	632
242	104	1071
75	229	633
229	438	633
435	238	634
77	435	896
30	237	635
237	436	635
429	239	636
112	113	897
84	228	637
228	437	637
433	234	638
22	23	891
432	232	639
40	41	893
431	233	640
31	32	892
434	227	641
94	95	886
430	230	642
13	14	890
39	231	643
231	427	643
426	235	644
85	86	888
424	240	645
245	59	1066
423	236	646
67	68	884
155	540	647
647	406	825
136	539	648
648	407	880
623	397	649
176	623	649
622	396	650
182	622	650
505	651	1049
508	389	876
701	401	1037
666	453	937
829	537	941
931	653	975
747	352	982
729	469	1025
344	472	655
482	344	925
737	586	962
980	656	981
865	60	1004
933	498	1020
921	459	1009
180	413	938
659	347	1047
503	347	949
909	454	910
504	348	950
718	458	907
661	458	1041
405	477	662
339	584	662
722	353	1055
345	567	663
966	106	1043
764	499	959
743	339	1036
901	470	1027
789	453	960
715	666	926
856	514	953
976	667	998
855	511	954
977	668	997
588	377	1001
267	588	1001
411	478	670
338	548	670
412	479	671
337	549	671
721	452	908
471	672	927
826	34	1029
350	565	673
968	455	1042
674	351	1018
449	707	920
674	455	915
908	450	912
910	454	1046
407	493	900
217	557	677
406	492	899
218	556	678
748	458	919
286	500	679
283	521	680
296	593	680
681	297	965
379	508	783
285	519	682
305	606	682
340	497	683
683	497	979
304	524	684
205	605	684
399	513	852
760	461	1016
403	516	853
754	460	1011
404	515	854
755	462	1014
810	487	1038
359	501	688
313	535	689
222	624	689
314	534	690
221	625	690
208	477	691
309	538	691
25	549	692
302	601	692
61	548	693
297	594	693
458	661	907
803	465	1040
360	695	912
759	685	1015
753	686	1012
758	687	1013
789	501	1039
697	460	969
279	485	698
373	555	698
276	487	699
369	552	699
280	489	700
372	553	700
278	488	701
371	551	701
282	490	702
375	550	702
275	486	703
374	554	703
983	466	990
24	497	704
746	379	942
705	480	989
812	486	1023
676	348	945
811	485	1024
675	347	944
750	653	931
333	481	708
709	336	837
287	542	837
710	334	836
334	545	836
913	656	980
332	482	711
336	476	712
212	544	712
694	465	934
317	585	713
672	471	996
324	565	714
337	479	715
281	666	715
338	478	716
277	522	716
343	473	717
169	481	717
805	466	983
340	683	919
451	661	719
930	451	1054
335	474	720
720	474	799
757	668	977
334	710	721
1010	468	1055
717	473	951
378	570	723
981	656	992
860	507	985
362	509	851
861	506	984
361	510	850
354	475	918
341	505	726
695	461	970
727	463	924
752	667	976
728	464	932
747	469	946
216	589	904
982	654	1025
457	711	730
692	484	1007
384	530	731
707	449	944
449	675	944
706	450	945
450	676	945
385	529	734
303	602	734
386	528	735
300	598	735
381	532	736
298	611	736
269	496	737
446	586	737
383	531	738
306	610	738
382	533	739
301	607	739
277	476	961
173	523	740
741	335	838
335	543	838
742	704	990
25	704	742
274	410	1035
339	477	1036
268	491	744
365	568	744
341	500	745
52	505	745
379	681	967
389	508	746
170	655	747
469	729	946
939	661	1041
200	475	748
722	468	948
215	491	749
349	491	750
268	653	750
456	708	751
169	722	948
355	485	752
279	667	752
359	487	753
276	686	753
356	696	969
213	489	754
756	696	971
202	488	755
358	652	756
174	696	756
357	490	757
282	668	757
356	489	758
280	687	758
360	486	759
275	685	759
172	695	970
210	490	760
169	717	951
221	499	761
222	689	1020
655	472	986
352	498	763
270	654	982
353	499	764
1010	663	1031
266	587	813
344	509	765
26	466	766
380	585	766
716	522	767
338	716	767
295	591	768
388	628	768
294	590	769
387	629	769
334	721	924
209	545	770
335	720	932
206	543	771
292	589	772
346	566	974
164	495	773
361	558	773
145	494	774
362	559	774
126	496	775
363	560	775
782	470	936
351	674	915
367	534	777
966	664	978
366	535	778
1005	657	1006
262	675	779
470	776	936
799	518	1000
368	779	1026
452	672	781
263	676	781
782	368	940
368	518	940
326	520	783
520	681	783
225	572	784
376	587	784
224	571	785
377	588	785
364	569	786
975	653	991
238	435	787
307	609	964
241	439	788
310	612	963
281	501	960
174	756	789
119	437	790
304	573	790
74	436	791
308	574	791
101	427	792
299	575	792
288	545	793
209	610	793
289	543	794
206	607	794
287	544	795
212	593	795
362	494	796
266	509	796
361	495	797
267	510	797
363	496	798
269	502	798
940	518	1048
171	720	1000
537	398	800
802	537	1034
145	568	801
365	576	801
364	537	802
178	569	802
203	608	1040
417	713	803
804	536	1030
104	536	804
265	694	934
380	766	805
204	596	806
418	714	806
210	611	807
375	702	807
202	598	808
371	701	808
213	602	809
372	700	809
214	606	810
369	699	810
207	612	811
373	698	811
211	609	812
374	703	812
376	624	947
472	765	813
381	513	814
325	532	814
383	511	815
319	531	815
382	514	816
323	533	816
834	512	1037
320	530	817
385	516	818
321	529	818
453	652	937
512	817	819
386	515	820
322	528	820
370	523	989
199	522	821
23	422	822
286	497	822
243	443	823
311	570	823
246	442	824
312	569	824
291	620	825
154	647	825
1029	660	1046
454	673	826
493	407	1052
396	622	827
492	406	1053
397	623	828
398	537	829
268	744	829
514	402	830
323	514	830
513	399	831
325	513	831
511	400	832
319	511	832
515	404	833
322	515	833
278	701	1037
320	512	834
516	403	835
321	516	835
288	546	836
546	710	836
336	544	837
542	709	837
289	547	838
547	741	838
392	526	839
100	575	839
394	527	840
73	574	840
395	525	841
118	573	841
387	769	842
842	507	1003
388	768	843
843	506	1002
390	593	844
592	617	844
391	607	845
597	618	845
393	610	846
599	619	846
314	445	847
109	534	847
313	444	848
64	535	848
339	577	849
517	584	849
220	591	850
850	510	988
219	590	851
851	509	987
852	513	993
275	703	852
853	516	995
276	699	853
854	515	994
280	700	854
400	511	855
282	702	855
402	514	856
279	698	856
796	494	902
447	587	902
797	495	903
448	588	903
737	496	859
446	737	859
917	677	1050
273	507	860
914	678	1051
272	506	861
390	561	862
287	795	862
391	562	863
289	794	863
393	563	864
288	793	864
865	459	1005
1004	658	1009
293	441	866
146	576	866
215	626	867
365	744	867
715	479	973
281	715	973
716	478	972
277	716	972
298	595	870
375	611	870
371	598	871
300	600	871
372	602	872
303	603	872
305	604	873
369	606	873
374	609	874
307	613	874
373	612	875
310	615	875
783	508	881
389	651	876
288	526	877
392	546	877
287	527	878
394	542	878
289	525	879
395	547	879
290	621	880
135	648	880
326	783	881
508	876	881
692	549	882
484	692	882
483	693	883
338	767	883
68	423	884
423	646	884
59	424	885
424	645	885
95	434	886
434	641	886
643	427	887
102	643	887
86	426	888
426	644	888
635	436	889
75	635	889
14	430	890
430	642	890
23	433	891
433	638	891
32	431	892
431	640	892
41	432	893
432	639	893
637	437	894
120	637	894
633	438	895
76	633	895
435	634	896
895	77	1069
113	429	897
429	636	897
104	439	898
439	632	898
492	678	899
291	825	899
493	677	900
290	880	900
208	538	1027
416	541	901
266	796	902
494	857	902
267	797	903
495	858	903
502	729	904
363	798	904
272	492	1053
156	649	905
273	493	1052
137	650	906
451	694	907
265	718	907
172	721	908
452	781	908
996	350	1044
350	673	909
348	676	910
263	909	910
911	455	1047
347	675	911
450	706	912
172	908	912
342	502	913
378	723	992
218	678	914
333	708	914
262	776	915
455	911	915
343	510	916
267	669	916
217	677	917
332	711	917
264	705	918
475	726	918
458	718	919
200	748	919
355	728	920
171	780	920
933	657	1008
346	654	921
712	476	922
212	712	922
358	488	923
278	652	923
172	727	924
463	770	924
170	482	925
344	655	925
337	715	926
484	882	926
452	710	927
204	806	927
959	664	1056
345	663	928
384	731	1045
278	819	929
465	694	1040
336	709	1054
349	750	931
456	751	931
171	728	932
464	771	932
270	498	933
366	657	933
465	713	934
380	805	934
341	475	935
200	679	935
262	779	936
368	782	936
201	666	937
652	929	937
413	566	938
346	921	1009
354	523	939
173	661	939
274	665	1048
208	782	940
364	786	991
268	829	941
480	705	942
264	726	1017
688	501	943
409	688	943
207	707	944
347	732	944
211	706	945
348	733	945
342	730	946
170	747	946
352	655	986
472	813	947
468	749	948
349	751	948
315	503	949
347	659	949
318	504	950
348	660	950
353	722	951
473	761	951
461	685	1016
381	736	952
382	667	953
279	856	953
383	668	954
282	855	954
206	771	998
382	739	955
209	770	997
383	738	956
460	686	1011
385	734	957
462	687	1014
386	735	958
367	664	959
271	764	959
453	666	960
501	789	960
370	522	961
476	740	961
269	737	962
656	913	962
207	732	963
503	788	963
211	733	964
504	787	964
297	483	965
199	681	965
467	928	1056
804	467	1043
199	821	967
480	942	967
968	659	1047
949	659	1033
174	697	969
460	754	969
357	727	970
461	760	970
462	755	971
358	756	971
478	869	972
408	922	972
479	868	973
409	943	973
216	729	1025
566	772	974
218	914	975
456	931	975
464	728	976
355	752	976
463	727	977
357	757	977
367	777	978
106	966	978
286	679	979
200	683	979
457	730	980
342	913	980
217	917	981
457	980	981
469	747	982
352	763	982
340	718	983
265	805	983
506	725	984
333	861	984
507	724	985
332	860	985
222	762	986
472	947	986
482	724	987
219	851	987
481	725	988
220	850	988
523	705	989
480	821	989
466	742	990
340	983	990
653	941	991
218	975	991
656	962	992
217	981	992
381	685	993
275	852	993
386	687	994
280	854	994
385	686	995
276	853	995
471	714	996
263	672	1044
668	956	997
463	977	997
667	955	998
464	976	998
377	625	999
221	669	999
518	780	1000
720	799	1000
999	669	1001
377	999	1001
272	828	1002
388	843	1002
273	827	1003
387	842	1003
59	658	1004
459	865	1004
459	921	1008
61	865	1005
366	778	1006
61	1005	1006
302	692	1007
201	731	1007
270	933	1008
657	1005	1008
658	938	1009
459	1004	1009
271	663	1010
468	722	1055
213	754	1011
686	957	1011
460	697	1012
359	753	1012
462	696	1013
356	758	1013
202	755	1014
687	958	1014
461	695	1015
360	759	1015
210	760	1016
685	952	1016
389	746	1017
746	942	1017
351	564	1018
72	674	1018
221	690	1019
367	959	1019
498	762	1020
366	933	1020
397	828	1021
540	905	1021
396	827	1022
539	906	1022
360	706	1023
211	812	1023
355	707	1024
207	811	1024
654	974	1025
469	982	1025
920	780	1026
449	920	1026
470	782	1027
538	901	1027
351	776	1028
470	901	1028
950	660	1032
454	826	1029
467	804	1030
345	928	1030
215	749	1031
468	1010	1031
318	950	1032
660	1029	1032
315	949	1033
659	968	1033
537	800	1034
223	802	1034
410	577	1035
577	743	1035
477	665	1036
665	743	1036
512	819	1037
401	834	1037
359	688	1038
214	810	1038
359	697	1039
174	789	1039
608	803	1040
694	930	1040
458	748	1041
354	939	1041
455	674	1042
70	968	1042
105	804	1043
467	966	1043
350	909	1044
672	996	1044
937	929	1045
201	937	1045
348	910	1046
454	1029	1046
347	911	1047
455	968	1047
518	799	1048
665	940	1048
1017	726	1049
389	1017	1049
493	860	1050
332	917	1050
492	861	1051
333	914	1051
407	539	1052
539	1022	1052
406	540	1053
540	1021	1053
451	719	1054
709	930	1054
353	764	1055
764	1010	1055
271	959	1056
664	966	1056
30	191	1057
76	194	1068
1057	191	1058
3	1057	1058
39	189	1059
4	197	1059
103	186	1070
66	258	1060
84	183	1061
7	192	1061
9	184	1062
111	254	1062
2	187	1063
22	196	1063
31	198	1064
198	1057	1064
58	188	1065
5	261	1065
58	245	1066
59	885	1066
67	193	1067
193	1060	1067
3	1058	1068
194	1064	1068
76	895	1069
77	896	1069
6	257	1070
186	1067	1070
103	242	1071
104	898	1071
188
1	13
13	14
14	15
15	16
16	17
17	18
18	19
19	20
20	21
21	2
2	1063
22	23
23	24
24	25
25	26
26	27
27	28
28	29
29	30
30	1057
3	1064
31	32
32	33
33	34
34	35
35	36
36	37
37	38
38	39
39	1059
4	40
40	41
41	42
42	43
43	44
44	45
45	46
46	47
47	48
48	1
2	49
49	50
50	51
51	52
52	53
53	54
54	55
55	56
56	57
57	5
5	1065
58	1066
59	60
60	61
61	62
62	63
63	64
64	65
65	66
66	1060
6	1067
67	68
68	69
69	70
70	71
71	72
72	73
73	74
74	75
75	1058
3	1068
76	1069
77	78
78	79
79	80
80	81
81	82
82	83
83	84
84	1061
7	85
85	86
86	87
87	88
88	89
89	90
90	91
91	92
92	93
93	8
8	94
94	95
95	96
96	97
97	98
98	99
99	100
100	101
101	102
102	4
6	1070
103	1071
104	105
105	106
106	107
107	108
108	109
109	110
110	111
111	1062
9	112
112	113
113	114
114	115
115	116
116	117
117	118
118	119
119	120
120	7
5	121
121	122
122	123
123	124
124	125
125	126
126	127
127	128
128	129
129	130
130	10
10	131
131	132
132	133
133	134
134	135
135	136
136	137
137	138
138	139
139	11
11	140
140	141
141	142
142	143
143	144
144	145
145	146
146	147
147	148
148	149
149	6
11	150
150	151
151	152
152	153
153	154
154	155
155	156
156	157
157	158
158	12
12	159
159	160
160	161
161	162
162	163
163	164
164	165
165	166
166	167
167	168
168	9
1057	3
1058	3
1059	4
1060	6
1061	7
1062	9
1063	22
1064	31
1065	58
1066	59
1067	67
1068	76
1069	77
1070	103
1071	104
