189 2 332 3
0 0 
1 0 
1 1 
0 1 
0.1 0 
0.2 0 
0.3 0 
0.4 0 
0.5 0 
0.6 0 
0.7 0 
0.8 0 
0.9 0 
1 0.1 
1 0.2 
1 0.3 
1 0.4 
1 0.5 
1 0.6 
1 0.7 
1 0.8 
1 0.9 
0.9 1 
0.8 1 
0.7 1 
0.6 1 
0.5 1 
0.4 1 
0.3 1 
0.2 1 
0.1 1 
0 0.9 
0 0.8 
0 0.7 
0 0.6 
0 0.5 
0 0.4 
0 0.3 
0 0.2 
0 0.1 
0.479684 0.513096 
0.0481001 0.0438139 
0.965456 0.0484346 
0.0451033 0.961897 
0.951568 0.955138 
0.754828 0.354966 
0.360392 0.264508 
0.267427 0.637367 
0.656472 0.728531 
0.0895934 0.160441 
0.160541 0.910786 
0.911386 0.844141 
0.841625 0.0900995 
0.451559 0.770058 
0.557953 0.236427 
0.229318 0.453048 
0.687177 0.534082 
0.814618 0.688238 
0.258637 0.157666 
0.852304 0.258371 
0.158345 0.741149 
0.745635 0.841799 
0.734225 0.0924118 
0.266818 0.909939 
0.0900392 0.266867 
0.845905 0.489216 
0.340275 0.504784 
0.482979 0.335446 
0.532712 0.650471 
0.609668 0.857218 
0.390369 0.135169 
0.137448 0.608978 
0.711137 0.231036 
0.311061 0.779084 
0.220383 0.310202 
0.542551 0.0753476 
0.442762 0.912034 
0.0870955 0.443563 
0.718892 0.663674 
0.911061 0.643693 
0.910252 0.745257 
0.175659 0.104224 
0.825832 0.898216 
0.104444 0.824712 
0.899601 0.174158 
0.605353 0.422553 
0.396664 0.624666 
0.371373 0.387899 
0.824315 0.584766 
0.825103 0.373429 
0.524605 0.742235 
0.459558 0.258909 
0.261176 0.536511 
0.606947 0.570757 
0.662867 0.13484 
0.141276 0.353324 
0.353007 0.858336 
0.824377 0.795396 
0.180506 0.217545 
0.21789 0.819436 
0.7886 0.183202 
0.920144 0.449301 
0.445028 0.0729222 
0.552079 0.922008 
0.0761811 0.552606 
0.645993 0.929394 
0.0688885 0.645589 
0.353835 0.0678044 
0.33465 0.18669 
0.267936 0.0754627 
0.930563 0.255545 
0.188302 0.664576 
0.0758913 0.731951 
0.73311 0.923739 
0.67084 0.805934 
0.927247 0.0922677 
0.0756899 0.909417 
0.90786 0.925626 
0.0924729 0.0754185 
0.568222 0.332532 
0.700102 0.44222 
0.916963 0.544333 
0.738472 0.754101 
0.388486 0.711163 
0.287351 0.384911 
0.629828 0.654561 
0.900814 0.346453 
0.41132 0.456786 
0.465434 0.593118 
0.514559 0.831524 
0.165281 0.517019 
0.484085 0.160379 
0.765138 0.511037 
0.772882 0.273336 
0.241305 0.724548 
0.274741 0.24004 
0.469165 0.706886 
0.334436 0.584173 
0.409135 0.327415 
0.506546 0.420168 
0.291267 0.463861 
0.560193 0.497192 
0.405521 0.200759 
0.20339 0.593316 
0.593794 0.779935 
0.708431 0.167068 
0.286585 0.842293 
0.645259 0.197405 
0.157539 0.286478 
0.0634282 0.35253 
0.638015 0.0744131 
0.352258 0.936361 
0.429133 0.833293 
0.1657 0.43037 
0.7748 0.630926 
0.320743 0.124262 
0.125329 0.678845 
0.681069 0.871955 
0.856774 0.417367 
0.141959 0.0447961 
0.956726 0.141515 
0.858417 0.95601 
0.0449026 0.858609 
0.51729 0.290331 
0.791421 0.430793 
0.642597 0.273685 
0.663496 0.353015 
0.67685 0.601987 
0.308736 0.701675 
0.297005 0.306339 
0.632153 0.492996 
0.404572 0.546354 
0.436385 0.385368 
0.741249 0.587512 
0.208229 0.386035 
0.386067 0.791133 
0.821222 0.320652 
0.338641 0.652462 
0.450215 0.657713 
0.340125 0.439662 
0.344719 0.333947 
0.588452 0.145922 
0.58736 0.711465 
0.529103 0.564926 
0.709038 0.296367 
1 0.95 
0.05 1 
1 0.05 
0.95 1 
13 2 43 
85 15 111 
82 6 110 
7 8 108 
43 2 188 
42 5 119 
119 5 160 
6 7 110 
92 47 143 
9 10 76 
76 10 151 
111 16 127 
186 3 189 
17 18 102 
102 18 122 
12 13 53 
53 13 116 
43 14 116 
15 16 111 
40 1 42 
134 46 185 
21 22 52 
83 24 114 
25 26 106 
52 22 118 
45 23 118 
24 25 114 
126 49 183 
27 28 77 
77 28 152 
30 31 51 
51 31 117 
44 32 117 
84 33 113 
33 34 113 
34 35 107 
1 5 42 
50 40 119 
118 23 162 
4 32 44 
93 48 144 
36 37 78 
78 37 150 
39 40 50 
116 14 161 
117 32 163 
44 31 187 
45 22 186 
19 20 80 
128 41 172 
166 73 185 
16 17 127 
129 41 184 
8 9 103 
138 67 172 
35 36 105 
40 42 119 
170 47 181 
31 44 117 
169 48 178 
22 45 118 
26 27 104 
13 43 116 
115 49 123 
135 48 169 
29 30 64 
136 47 170 
11 12 63 
79 49 126 
38 39 65 
92 55 164 
94 57 168 
80 20 81 
168 57 174 
109 47 136 
39 50 65 
90 46 177 
12 53 63 
112 48 135 
30 51 64 
20 21 81 
79 58 123 
63 53 101 
139 68 173 
64 51 100 
91 54 137 
65 50 99 
93 56 141 
21 52 81 
121 46 165 
124 54 176 
125 56 175 
148 55 182 
128 88 173 
121 57 171 
93 67 138 
28 29 152 
115 62 158 
10 11 151 
109 59 156 
37 38 150 
112 61 157 
85 60 101 
120 55 166 
84 61 100 
97 74 176 
82 59 99 
96 75 175 
120 68 164 
11 63 151 
129 69 179 
29 64 152 
128 67 180 
38 65 150 
80 58 89 
91 69 183 
81 52 98 
89 58 155 
98 62 123 
58 80 81 
96 65 149 
108 71 156 
83 62 98 
106 70 158 
97 64 147 
107 72 157 
95 63 146 
134 60 177 
159 66 165 
120 86 140 
94 69 184 
124 87 179 
92 68 139 
125 88 180 
58 79 155 
18 19 122 
101 60 134 
89 66 122 
115 70 145 
130 91 145 
99 59 136 
109 71 143 
100 61 135 
112 72 144 
155 79 174 
140 86 142 
101 73 146 
146 73 148 
99 75 149 
131 78 154 
100 74 147 
130 77 153 
58 81 98 
52 83 98 
132 92 143 
50 82 99 
131 93 144 
51 84 100 
148 73 166 
53 85 101 
19 80 122 
102 66 159 
103 76 132 
9 76 103 
104 77 130 
27 77 104 
105 78 131 
36 78 105 
104 70 106 
26 104 106 
105 72 107 
35 105 107 
103 71 108 
8 103 108 
125 75 170 
110 108 156 
59 82 110 
7 108 110 
60 85 111 
46 90 165 
124 74 169 
113 107 157 
61 84 113 
34 107 113 
62 83 114 
25 106 114 
49 79 123 
114 106 158 
85 53 116 
14 15 161 
84 51 117 
32 33 163 
83 52 118 
23 24 162 
82 50 119 
5 6 160 
132 76 182 
121 86 167 
142 86 171 
133 121 165 
80 89 122 
66 102 122 
58 98 123 
62 115 123 
77 97 153 
138 87 178 
78 96 154 
139 88 181 
145 91 183 
69 94 126 
17 102 127 
60 111 127 
137 124 179 
141 125 180 
142 94 184 
129 87 172 
54 91 130 
70 104 130 
56 93 131 
72 105 131 
55 92 132 
71 103 132 
66 89 133 
57 121 133 
127 90 177 
73 101 134 
74 100 135 
61 112 135 
75 99 136 
59 109 136 
69 91 137 
54 124 137 
67 128 172 
48 93 138 
140 128 173 
47 92 139 
68 120 140 
41 128 140 
67 93 141 
56 125 141 
57 94 171 
41 140 142 
47 109 143 
71 132 143 
48 112 144 
72 131 144 
49 115 145 
70 130 145 
151 95 182 
63 101 146 
74 97 147 
64 100 147 
86 120 167 
95 146 148 
75 96 149 
65 99 149 
96 78 150 
65 96 150 
55 132 182 
63 95 151 
97 77 152 
64 97 152 
153 97 176 
54 130 153 
154 96 175 
56 131 154 
133 89 174 
57 133 174 
71 109 156 
59 110 156 
72 112 157 
61 113 157 
62 114 158 
70 115 158 
127 102 159 
90 127 159 
6 82 160 
82 119 160 
15 85 161 
85 116 161 
24 83 162 
83 118 162 
33 84 163 
84 117 163 
68 92 164 
55 120 164 
66 133 165 
90 159 165 
73 134 185 
55 148 166 
46 121 167 
120 166 167 
126 94 168 
79 126 168 
87 124 178 
74 135 169 
88 125 181 
75 136 170 
86 121 171 
94 142 171 
41 129 172 
87 138 172 
88 139 173 
68 140 173 
89 155 174 
79 168 174 
75 125 175 
56 154 175 
74 124 176 
54 153 176 
60 127 177 
46 134 177 
48 138 178 
124 169 178 
87 129 179 
69 137 179 
88 128 180 
67 141 180 
47 139 181 
125 170 181 
95 148 182 
76 151 182 
69 126 183 
49 145 183 
69 129 184 
41 142 184 
167 166 185 
46 167 185 
4 44 187 
14 43 188 
23 45 189 
45 186 189 
1
1.5
3
2.5
1
1
1
1
1
1
1
1
1
1.5
1.5
1.5
1.5
1.5
1.5
1.5
1.5
1.5
2.5
2.5
2.5
2.5
2.5
2.5
2.5
2.5
2.5
1
1
1
1
1
1
1
1
1
1
1
1
1
1
1
1
1
1
1
1
1
1
1
1
1
1
1
1
1
1
1
1
1
1
1
1
1
1
1
1
1
1
1
1
1
1
1
1
1
1
1
1
1
1
1
1
1
1
1
1
1
1
1
1
1
1
1
1
1
1
1
1
1
1
1
1
1
1
1
1
1
1
1
1
1
1
1
1
1
1
1
1
1
1
1
1
1
1
1
1
1
1
1
1
1
1
1
1
1
1
1
1
1
1
1
1
1
1
1
1
1
1
1
1
1
1
1
1
1
1
1
1
1
1
1
1
1
1
1
1
1
1
1
1
1
1
1
1
1
1
1
1
1
1
1.5
2.5
1.5
2.5
